Date,Open,High,Low,Close,Adj Close,Volume
2019-12-31,,,,,,
2020-01-02,41.06999969482422,41.189998626708984,40.52000045776367,41.09000015258789,40.75150680541992,1030700.0
2020-01-03,40.58000183105469,40.95000076293945,40.52000045776367,40.86000061035156,40.523406982421875,1506800.0
2020-01-06,40.56999969482422,40.900001525878906,40.380001068115234,40.869998931884766,40.533321380615234,1631000.0
2020-01-07,41.06999969482422,41.220001220703125,40.29999923706055,40.68000030517578,40.34489059448242,1723300.0
2020-01-08,40.66999816894531,40.790000915527344,40.349998474121094,40.599998474121094,40.265541076660156,970000.0
2020-01-09,40.720001220703125,41.33000183105469,40.349998474121094,41.31999969482422,40.9796142578125,1257700.0
2020-01-10,41.20000076293945,41.52000045776367,40.86000061035156,41.06999969482422,40.7316780090332,912700.0
2020-01-13,41.099998474121094,41.279998779296875,40.5,41.040000915527344,40.70191955566406,759700.0
2020-01-14,41.0,41.06999969482422,40.4900016784668,40.599998474121094,40.265541076660156,1070800.0
2020-01-15,40.20000076293945,40.619998931884766,39.939998626708984,40.2400016784668,39.908512115478516,1752200.0
2020-01-16,40.540000915527344,40.95000076293945,40.540000915527344,40.93000030517578,40.59282302856445,712100.0
2020-01-17,41.09000015258789,41.400001525878906,41.0099983215332,41.2599983215332,40.920108795166016,881600.0
2020-01-21,41.060001373291016,41.40999984741211,40.66999816894531,41.220001220703125,40.88043975830078,1523500.0
2020-01-22,41.470001220703125,41.560001373291016,40.9900016784668,41.09000015258789,40.75150680541992,757200.0
2020-01-23,40.880001068115234,41.25,40.36000061035156,41.11000061035156,40.77134323120117,716600.0
2020-01-24,41.119998931884766,41.209999084472656,40.189998626708984,40.369998931884766,40.03744125366211,583600.0
2020-01-27,39.58000183105469,39.959999084472656,39.349998474121094,39.540000915527344,39.21428298950195,799600.0
2020-01-28,39.68000030517578,40.22999954223633,39.25,40.150001525878906,39.819252014160156,1058300.0
2020-01-29,40.16999816894531,40.439998626708984,40.06999969482422,40.16999816894531,39.83908462524414,1065600.0
2020-01-30,39.75,40.040000915527344,39.38999938964844,39.939998626708984,39.61097717285156,991400.0
2020-01-31,39.61000061035156,39.95000076293945,38.9900016784668,39.150001525878906,38.827491760253906,1156700.0
2020-02-03,39.38999938964844,39.88999938964844,39.18000030517578,39.470001220703125,39.14485549926758,1429700.0
2020-02-04,40.099998474121094,40.29999923706055,39.400001525878906,39.40999984741211,39.085350036621094,789200.0
2020-02-05,40.0099983215332,40.58000183105469,39.790000915527344,40.36000061035156,40.027523040771484,1060300.0
2020-02-06,40.47999954223633,40.47999954223633,39.08000183105469,39.11000061035156,38.787818908691406,1335200.0
2020-02-07,38.84000015258789,39.22999954223633,38.349998474121094,38.88999938964844,38.56963348388672,1063800.0
2020-02-10,38.75,39.439998626708984,38.689998626708984,39.36000061035156,39.0357551574707,953800.0
2020-02-11,39.650001525878906,40.439998626708984,39.5099983215332,40.18000030517578,39.8489990234375,866700.0
2020-02-12,40.38999938964844,41.130001068115234,40.119998931884766,40.77000045776367,40.43414306640625,1549500.0
2020-02-13,40.4900016784668,40.88999938964844,40.38999938964844,40.79999923706055,40.463897705078125,1122500.0
2020-02-14,40.880001068115234,40.900001525878906,40.189998626708984,40.5,40.16637420654297,1089000.0
2020-02-18,40.2599983215332,40.650001525878906,39.83000183105469,40.150001525878906,39.819252014160156,1231500.0
2020-02-19,40.27000045776367,40.279998779296875,39.400001525878906,39.5,39.17460250854492,986200.0
2020-02-20,39.439998626708984,39.72999954223633,39.209999084472656,39.41999816894531,39.09526443481445,1218900.0
2020-02-21,39.130001068115234,40.09000015258789,39.060001373291016,40.02000045776367,39.69032287597656,1075300.0
2020-02-24,39.029998779296875,39.7599983215332,38.2400016784668,39.43000030517578,39.105186462402344,2300400.0
2020-02-25,39.58000183105469,39.58000183105469,37.939998626708984,37.959999084472656,37.64728546142578,1754700.0
2020-02-26,38.18000030517578,38.5,36.880001068115234,37.08000183105469,36.77454376220703,1915500.0
2020-02-27,38.33000183105469,40.09000015258789,37.650001525878906,39.41999816894531,39.09526443481445,4043900.0
2020-02-28,38.59000015258789,39.41999816894531,37.400001525878906,38.130001068115234,37.81589126586914,3661100.0
2020-03-02,37.72999954223633,39.040000915527344,37.099998474121094,38.83000183105469,38.5101203918457,3123400.0
2020-03-03,38.90999984741211,39.869998931884766,38.02000045776367,38.560001373291016,38.24235153198242,2239000.0
2020-03-04,39.13999938964844,40.290000915527344,38.97999954223633,40.2400016784668,39.908512115478516,2349000.0
2020-03-05,39.380001068115234,39.77000045776367,38.90999984741211,39.119998931884766,38.79773712158203,2181200.0
2020-03-06,37.81999969482422,38.58000183105469,37.529998779296875,38.2400016784668,37.92498779296875,3797300.0
2020-03-09,35.290000915527344,35.40999984741211,33.15999984741211,33.220001220703125,32.94633865356445,2935200.0
2020-03-10,34.119998931884766,34.290000915527344,32.220001220703125,34.13999938964844,33.8587646484375,2691500.0
2020-03-11,33.060001373291016,33.2599983215332,31.790000915527344,32.540000915527344,32.271942138671875,2506300.0
2020-03-12,30.440000534057617,31.15999984741211,28.950000762939453,29.610000610351562,29.366079330444336,3349400.0
2020-03-13,31.079999923706055,32.45000076293945,29.8700008392334,32.45000076293945,32.18268585205078,2854300.0
2020-03-16,29.1200008392334,30.899999618530273,28.559999465942383,29.149999618530273,28.909868240356445,2383600.0
2020-03-17,29.649999618530273,31.190000534057617,29.0,29.860000610351562,29.61402130126953,2810900.0
2020-03-18,27.979999542236328,28.610000610351562,26.299999237060547,27.15999984741211,26.936260223388672,2774700.0
2020-03-19,27.040000915527344,29.139999389648438,26.40999984741211,26.979999542236328,26.757747650146484,1952800.0
2020-03-20,27.420000076293945,27.56999969482422,25.040000915527344,25.1299991607666,24.922985076904297,2708000.0
2020-03-23,25.079999923706055,25.920000076293945,23.770000457763672,23.799999237060547,23.603940963745117,2913100.0
2020-03-24,24.799999237060547,27.799999237060547,24.770000457763672,27.600000381469727,27.372636795043945,1803600.0
2020-03-25,27.610000610351562,31.3700008392334,27.329999923706055,30.40999984741211,30.159486770629883,2697600.0
2020-03-26,30.850000381469727,32.33000183105469,30.40999984741211,31.489999771118164,31.230592727661133,1978200.0
2020-03-27,30.170000076293945,30.510000228881836,29.15999984741211,29.84000015258789,29.59418296813965,1906700.0
2020-03-30,29.860000610351562,30.889999389648438,28.729999542236328,30.510000228881836,30.258663177490234,1217100.0
2020-03-31,30.43000030517578,32.2599983215332,30.030000686645508,31.729999542236328,31.46861457824707,1867100.0
2020-04-01,30.280000686645508,30.969999313354492,29.520000457763672,30.790000915527344,30.536357879638672,1676600.0
2020-04-02,30.760000228881836,32.209999084472656,30.309999465942383,30.81999969482422,30.566112518310547,1893700.0
2020-04-03,30.860000610351562,31.0,29.860000610351562,30.559999465942383,30.357501983642578,1428100.0
2020-04-06,31.68000030517578,33.310001373291016,31.68000030517578,33.130001068115234,32.91048049926758,1177500.0
2020-04-07,34.0099983215332,34.31999969482422,32.4900016784668,32.58000183105469,32.36412048339844,1373800.0
2020-04-08,33.04999923706055,34.16999816894531,32.65999984741211,33.79999923706055,33.57603454589844,1100300.0
2020-04-09,34.18000030517578,34.970001220703125,32.7400016784668,33.54999923706055,33.32769775390625,2087900.0
2020-04-13,33.43000030517578,33.45000076293945,32.08000183105469,32.31999969482422,32.105838775634766,1292100.0
2020-04-14,33.18000030517578,34.13999938964844,32.689998626708984,33.70000076293945,33.4766960144043,1485500.0
2020-04-15,32.560001373291016,33.040000915527344,32.119998931884766,32.54999923706055,32.33431625366211,1407600.0
2020-04-16,32.529998779296875,32.79999923706055,31.649999618530273,32.650001525878906,32.43365478515625,1727300.0
2020-04-17,33.400001525878906,34.970001220703125,33.34000015258789,34.90999984741211,34.678680419921875,2188400.0
2020-04-20,34.0,34.689998626708984,33.400001525878906,33.63999938964844,33.417091369628906,1831700.0
2020-04-21,33.45000076293945,34.0099983215332,32.40999984741211,32.439998626708984,32.22504425048828,1583100.0
2020-04-22,33.290000915527344,33.40999984741211,32.599998474121094,33.09000015258789,32.8707389831543,748300.0
2020-04-23,33.529998779296875,34.22999954223633,33.2400016784668,33.369998931884766,33.14888000488281,1401200.0
2020-04-24,33.68000030517578,34.119998931884766,33.34000015258789,33.97999954223633,33.75484085083008,1269300.0
2020-04-27,34.060001373291016,35.13999938964844,33.849998474121094,34.959999084472656,34.72835159301758,1780100.0
2020-04-28,35.939998626708984,37.20000076293945,35.869998931884766,37.119998931884766,36.87403106689453,1813400.0
2020-04-29,38.0,38.150001525878906,36.439998626708984,36.529998779296875,36.287940979003906,1839600.0
2020-04-30,36.11000061035156,36.529998779296875,35.599998474121094,36.36000061035156,36.11907196044922,2081600.0
2020-05-01,35.72999954223633,36.06999969482422,34.540000915527344,34.970001220703125,34.738277435302734,953900.0
2020-05-04,34.5,34.75,33.849998474121094,34.72999954223633,34.499874114990234,969400.0
2020-05-05,35.22999954223633,35.779998779296875,34.900001525878906,34.970001220703125,34.738277435302734,1096700.0
2020-05-06,35.08000183105469,35.36000061035156,33.869998931884766,33.90999984741211,33.685302734375,1049600.0
2020-05-07,34.38999938964844,35.779998779296875,33.029998779296875,33.209999084472656,32.98994445800781,2025500.0
2020-05-08,33.65999984741211,34.5,33.630001068115234,34.36000061035156,34.13232421875,1306500.0
2020-05-11,33.9900016784668,34.130001068115234,32.959999084472656,32.970001220703125,32.75153732299805,1533400.0
2020-05-12,33.09000015258789,33.5099983215332,31.829999923706055,31.90999984741211,31.698556900024414,1361700.0
2020-05-13,31.559999465942383,31.829999923706055,29.920000076293945,30.329999923706055,30.129030227661133,2306600.0
2020-05-14,29.700000762939453,30.959999084472656,28.709999084472656,30.90999984741211,30.705184936523438,1642500.0
2020-05-15,30.56999969482422,31.559999465942383,30.31999969482422,31.34000015258789,31.132333755493164,1192300.0
2020-05-18,32.7400016784668,33.66999816894531,32.40999984741211,33.38999938964844,33.16875076293945,1341200.0
2020-05-19,33.16999816894531,33.810001373291016,32.630001068115234,33.0,32.78133773803711,1195700.0
2020-05-20,33.619998931884766,33.970001220703125,33.310001373291016,33.540000915527344,33.317752838134766,1324000.0
2020-05-21,33.5,34.060001373291016,33.31999969482422,33.849998474121094,33.625701904296875,1400000.0
2020-05-22,33.81999969482422,34.279998779296875,33.81999969482422,34.25,34.02305221557617,1034100.0
2020-05-26,35.38999938964844,36.47999954223633,35.25,36.279998779296875,36.03959655761719,1142600.0
2020-05-27,37.16999816894531,37.689998626708984,36.5099983215332,37.279998779296875,37.03297424316406,1684200.0
2020-05-28,37.95000076293945,37.9900016784668,36.540000915527344,36.61000061035156,36.3674201965332,1146600.0
2020-05-29,36.15999984741211,37.130001068115234,35.880001068115234,36.93000030517578,36.68529510498047,1344000.0
2020-06-01,36.97999954223633,38.119998931884766,36.77000045776367,37.93000030517578,37.678672790527344,2369100.0
2020-06-02,38.36000061035156,39.720001220703125,38.29999923706055,39.599998474121094,39.33760070800781,2925700.0
2020-06-03,40.0,40.84000015258789,39.91999816894531,40.38999938964844,40.12236785888672,1881200.0
2020-06-04,40.09000015258789,41.02000045776367,39.7400016784668,41.02000045776367,40.74819564819336,1587800.0
2020-06-05,41.9900016784668,42.9900016784668,41.9900016784668,42.38999938964844,42.10911560058594,1957600.0
2020-06-08,42.77000045776367,43.5099983215332,42.689998626708984,43.310001373291016,43.02301788330078,1286200.0
2020-06-09,42.400001525878906,42.45000076293945,41.470001220703125,41.529998779296875,41.25481033325195,962300.0
2020-06-10,41.4900016784668,41.4900016784668,39.619998931884766,39.66999816894531,39.40713882446289,1714800.0
2020-06-11,38.279998779296875,38.630001068115234,36.72999954223633,36.790000915527344,36.54621887207031,1417900.0
2020-06-12,38.310001373291016,38.43000030517578,35.97999954223633,37.04999923706055,36.80450439453125,1332900.0
2020-06-15,35.72999954223633,38.349998474121094,35.36000061035156,38.060001373291016,37.80781173706055,1487900.0
2020-06-16,39.959999084472656,40.5,38.5,38.7599983215332,38.50316619873047,1539400.0
2020-06-17,39.06999969482422,39.68000030517578,38.7400016784668,38.91999816894531,38.662105560302734,1575100.0
2020-06-18,38.5,38.9900016784668,38.290000915527344,38.36000061035156,38.10581970214844,765600.0
2020-06-19,39.11000061035156,39.279998779296875,38.25,38.709999084472656,38.453495025634766,2001600.0
2020-06-22,38.310001373291016,39.33000183105469,37.849998474121094,39.22999954223633,38.970054626464844,1506600.0
2020-06-23,40.0,40.83000183105469,39.459999084472656,39.5099983215332,39.24819564819336,1410700.0
2020-06-24,38.97999954223633,39.16999816894531,37.959999084472656,37.959999084472656,37.70846939086914,1017500.0
2020-06-25,37.65999984741211,38.97999954223633,37.43000030517578,38.95000076293945,38.69190216064453,1137000.0
2020-06-26,38.709999084472656,38.83000183105469,38.029998779296875,38.63999938964844,38.38396072387695,1706000.0
2020-06-29,39.04999923706055,39.36000061035156,38.810001373291016,39.119998931884766,38.860782623291016,872900.0
2020-06-30,38.9900016784668,39.34000015258789,38.75,39.22999954223633,39.019927978515625,1176800.0
2020-07-01,39.380001068115234,39.56999969482422,38.290000915527344,38.34000015258789,38.13469696044922,950000.0
2020-07-02,39.20000076293945,39.720001220703125,38.790000915527344,38.869998931884766,38.66184997558594,1032100.0
2020-07-06,39.15999984741211,39.470001220703125,38.77000045776367,39.0,38.79115676879883,1025000.0
2020-07-07,38.689998626708984,39.11000061035156,38.290000915527344,38.4900016784668,38.28389358520508,1930700.0
2020-07-08,38.369998931884766,38.599998474121094,36.619998931884766,37.349998474121094,37.149993896484375,1295800.0
2020-07-09,37.209999084472656,37.5,35.88999938964844,36.15999984741211,35.966365814208984,1241100.0
2020-07-10,35.97999954223633,36.91999816894531,35.97999954223633,36.79999923706055,36.60293960571289,769500.0
2020-07-13,37.130001068115234,38.150001525878906,36.84000015258789,37.310001373291016,37.11021041870117,889500.0
2020-07-14,37.16999816894531,38.369998931884766,37.040000915527344,38.33000183105469,38.12474822998047,731600.0
2020-07-15,38.90999984741211,40.290000915527344,38.72999954223633,40.02000045776367,39.80569839477539,1318400.0
2020-07-16,40.06999969482422,40.56999969482422,39.5,40.029998779296875,39.815635681152344,768900.0
2020-07-17,40.20000076293945,41.02000045776367,40.20000076293945,40.540000915527344,40.32291030883789,1009500.0
2020-07-20,40.20000076293945,40.7599983215332,40.119998931884766,40.13999938964844,39.92505645751953,1477100.0
2020-07-21,40.52000045776367,41.04999923706055,40.47999954223633,40.63999938964844,40.42237091064453,745000.0
2020-07-22,40.349998474121094,41.099998474121094,40.349998474121094,40.91999816894531,40.700870513916016,611300.0
2020-07-23,40.790000915527344,41.61000061035156,40.7599983215332,41.119998931884766,40.89979934692383,815300.0
2020-07-24,41.34000015258789,41.34000015258789,40.540000915527344,40.68000030517578,40.462162017822266,607200.0
2020-07-27,40.560001373291016,41.150001525878906,40.06999969482422,41.08000183105469,40.860015869140625,729600.0
2020-07-28,41.040000915527344,41.11000061035156,39.95000076293945,39.970001220703125,39.7559700012207,1006000.0
2020-07-29,40.15999984741211,41.25,40.11000061035156,41.150001525878906,40.92964553833008,870900.0
2020-07-30,40.59000015258789,40.599998474121094,39.91999816894531,40.119998931884766,39.9051628112793,640200.0
2020-07-31,39.970001220703125,40.31999969482422,39.20000076293945,39.970001220703125,39.7559700012207,884300.0
2020-08-03,40.290000915527344,41.47999954223633,40.13999938964844,41.20000076293945,40.97937774658203,804300.0
2020-08-04,41.11000061035156,41.7400016784668,41.099998474121094,41.529998779296875,41.30760192871094,826000.0
2020-08-05,41.83000183105469,42.97999954223633,41.7599983215332,42.779998779296875,42.55091094970703,1231300.0
2020-08-06,44.0,47.630001068115234,43.400001525878906,45.43000030517578,45.18672561645508,2778700.0
2020-08-07,45.650001525878906,46.380001068115234,44.88999938964844,46.36000061035156,46.111751556396484,1656100.0
2020-08-10,46.369998931884766,48.27000045776367,46.349998474121094,48.20000076293945,47.941890716552734,1375000.0
2020-08-11,48.90999984741211,50.439998626708984,48.86000061035156,49.86000061035156,49.5930061340332,2529100.0
2020-08-12,50.5,50.93000030517578,48.81999969482422,49.47999954223633,49.21503829956055,1824000.0
2020-08-13,49.040000915527344,50.099998474121094,48.91999816894531,49.27000045776367,49.006160736083984,1216600.0
2020-08-14,48.959999084472656,49.619998931884766,48.869998931884766,49.45000076293945,49.18519973754883,1002200.0
2020-08-17,49.779998779296875,51.13999938964844,49.70000076293945,50.790000915527344,50.51802062988281,2139100.0
2020-08-18,50.72999954223633,50.939998626708984,49.439998626708984,50.34000015258789,50.070430755615234,1491800.0
2020-08-19,50.27000045776367,50.560001373291016,49.689998626708984,49.849998474121094,49.58305358886719,1188600.0
2020-08-20,49.27000045776367,50.29999923706055,48.91999816894531,49.77000045776367,49.503482818603516,989400.0
2020-08-21,49.68000030517578,50.25,49.459999084472656,49.58000183105469,49.31449890136719,879800.0
2020-08-24,49.970001220703125,50.959999084472656,49.90999984741211,50.900001525878906,50.62743377685547,985700.0
2020-08-25,51.2400016784668,51.45000076293945,50.47999954223633,51.13999938964844,50.866153717041016,836200.0
2020-08-26,51.13999938964844,51.70000076293945,50.59000015258789,51.43000030517578,51.154598236083984,787300.0
2020-08-27,51.380001068115234,51.81999969482422,50.939998626708984,51.0,50.726898193359375,984900.0
2020-08-28,51.15999984741211,51.40999984741211,50.7599983215332,51.38999938964844,51.11480712890625,588600.0
2020-08-31,51.08000183105469,51.790000915527344,50.47999954223633,51.25,50.975563049316406,907500.0
2020-09-01,51.189998626708984,52.869998931884766,50.77000045776367,52.56999969482422,52.288490295410156,1197000.0
2020-09-02,52.68000030517578,53.61000061035156,52.11000061035156,53.34000015258789,53.05436706542969,1093000.0
2020-09-03,53.2400016784668,53.36000061035156,51.04999923706055,51.5,51.22422409057617,1319300.0
2020-09-04,52.209999084472656,52.84000015258789,51.349998474121094,51.97999954223633,51.70165252685547,1042600.0
2020-09-08,51.27000045776367,52.060001373291016,50.529998779296875,51.36000061035156,51.0849723815918,1122400.0
2020-09-09,52.029998779296875,52.939998626708984,51.7599983215332,52.22999954223633,51.950313568115234,980000.0
2020-09-10,52.4900016784668,52.5099983215332,50.849998474121094,51.15999984741211,50.886043548583984,833300.0
2020-09-11,51.58000183105469,52.349998474121094,51.279998779296875,51.560001373291016,51.28390884399414,804500.0
2020-09-14,52.08000183105469,52.369998931884766,51.130001068115234,52.2599983215332,51.98014831542969,1039200.0
2020-09-15,52.349998474121094,52.459999084472656,51.529998779296875,51.9900016784668,51.71159362792969,1016200.0
2020-09-16,52.349998474121094,52.9900016784668,51.97999954223633,52.529998779296875,52.24870300292969,1098900.0
2020-09-17,51.810001373291016,53.36000061035156,51.369998931884766,52.58000183105469,52.29844284057617,1173300.0
2020-09-18,52.43000030517578,53.099998474121094,51.65999984741211,51.900001525878906,51.6220817565918,1902100.0
2020-09-21,50.849998474121094,50.849998474121094,48.529998779296875,49.220001220703125,48.95643615722656,1791200.0
2020-09-22,49.16999816894531,50.38999938964844,49.130001068115234,50.08000183105469,49.811824798583984,1206400.0
2020-09-23,51.13999938964844,52.65999984741211,50.54999923706055,51.290000915527344,51.01534652709961,1756700.0
2020-09-24,51.029998779296875,52.0099983215332,50.08000183105469,51.41999816894531,51.14464569091797,984000.0
2020-09-25,51.0099983215332,51.970001220703125,50.59000015258789,51.709999084472656,51.43309783935547,708000.0
2020-09-28,52.4900016784668,53.099998474121094,51.91999816894531,52.88999938964844,52.60677719116211,944600.0
2020-09-29,52.61000061035156,53.31999969482422,52.45000076293945,52.7400016784668,52.45758056640625,919800.0
2020-09-30,52.70000076293945,54.119998931884766,52.38999938964844,52.86000061035156,52.6268310546875,1739800.0
2020-10-01,53.41999816894531,53.970001220703125,52.61000061035156,53.560001373291016,53.3237419128418,1831300.0
2020-10-02,52.72999954223633,55.83000183105469,52.650001525878906,55.20000076293945,54.956512451171875,1516100.0
2020-10-05,55.54999923706055,57.65999984741211,55.54999923706055,56.900001525878906,56.64901351928711,1727500.0
2020-10-06,57.08000183105469,57.790000915527344,56.2400016784668,56.7400016784668,56.489715576171875,1535600.0
2020-10-07,57.33000183105469,58.88999938964844,57.29999923706055,58.36000061035156,58.10257339477539,959200.0
2020-10-08,58.560001373291016,59.25,57.810001373291016,59.0,58.73974609375,1217900.0
2020-10-09,59.20000076293945,59.36000061035156,58.18000030517578,59.22999954223633,58.96873474121094,1244300.0
2020-10-12,60.0,61.68000030517578,59.77000045776367,61.34000015258789,61.069427490234375,1679600.0
2020-10-13,60.7400016784668,60.970001220703125,60.22999954223633,60.369998931884766,60.103702545166016,813800.0
2020-10-14,60.68000030517578,61.34000015258789,59.66999816894531,60.81999969482422,60.55171585083008,1554300.0
2020-10-15,59.84000015258789,62.400001525878906,59.75,62.04999923706055,61.77629089355469,1197000.0
2020-10-16,62.099998474121094,62.529998779296875,61.720001220703125,61.97999954223633,61.706600189208984,1922300.0
2020-10-19,62.349998474121094,63.88999938964844,61.16999816894531,61.88999938964844,61.61699676513672,1364300.0
2020-10-20,62.040000915527344,64.13999938964844,61.849998474121094,63.040000915527344,62.761924743652344,889400.0
2020-10-21,62.2599983215332,63.56999969482422,61.45000076293945,61.56999969482422,61.298404693603516,1651800.0
2020-10-22,61.70000076293945,62.279998779296875,60.959999084472656,61.119998931884766,60.85039520263672,1146900.0
2020-10-23,61.599998474121094,62.470001220703125,61.11000061035156,62.27000045776367,61.995323181152344,1072200.0
2020-10-26,61.36000061035156,61.5099983215332,60.349998474121094,61.13999938964844,60.87030792236328,1416000.0
2020-10-27,61.630001068115234,61.97999954223633,60.310001373291016,60.77000045776367,60.50193786621094,916900.0
2020-10-28,59.310001373291016,61.310001373291016,58.93000030517578,60.880001068115234,60.611454010009766,2227300.0
2020-10-29,59.869998931884766,64.25,59.599998474121094,62.65999984741211,62.383602142333984,1832500.0
2020-10-30,61.900001525878906,63.369998931884766,60.939998626708984,62.43000030517578,62.15461730957031,1272300.0
2020-11-02,63.650001525878906,66.94000244140625,62.779998779296875,66.44999694824219,66.15687561035156,2849400.0
2020-11-03,66.94999694824219,68.2699966430664,65.97000122070312,67.31999969482422,67.0230484008789,2117700.0
2020-11-04,65.97000122070312,66.30000305175781,61.7400016784668,63.459999084472656,63.18007278442383,3029900.0
2020-11-05,65.06999969482422,66.26000213623047,64.44999694824219,64.48999786376953,64.20552825927734,1475600.0
2020-11-06,64.69999694824219,65.98999786376953,64.0999984741211,65.12000274658203,64.83274841308594,1204000.0
2020-11-09,68.87000274658203,70.31999969482422,65.4000015258789,65.48999786376953,65.20111846923828,1248400.0
2020-11-10,65.86000061035156,68.41000366210938,65.68000030517578,66.58000183105469,66.28631591796875,1768100.0
2020-11-11,66.94000244140625,67.80000305175781,64.75,67.54000091552734,67.24208068847656,1738200.0
2020-11-12,66.97000122070312,67.58000183105469,66.06999969482422,67.06999969482422,66.77415466308594,1591900.0
2020-11-13,67.62000274658203,69.27999877929688,67.0999984741211,68.94000244140625,68.63591003417969,1011800.0
2020-11-16,70.0,70.19000244140625,68.69999694824219,69.3499984741211,69.0440902709961,976400.0
2020-11-17,68.66999816894531,68.87000274658203,67.05999755859375,67.38999938964844,67.09273529052734,1839800.0
2020-11-18,67.94000244140625,68.7300033569336,67.2699966430664,67.58000183105469,67.28190612792969,1461600.0
2020-11-19,67.63999938964844,69.01000213623047,66.91999816894531,68.22000122070312,67.91908264160156,1254300.0
2020-11-20,68.16000366210938,68.38999938964844,66.62999725341797,66.87999725341797,66.5849838256836,1401800.0
2020-11-23,67.62000274658203,68.95999908447266,67.31999969482422,68.91000366210938,68.60604095458984,920200.0
2020-11-24,69.13999938964844,70.91999816894531,68.23999786376953,70.62999725341797,70.31844329833984,1393200.0
2020-11-25,70.05999755859375,70.31999969482422,68.7699966430664,69.69000244140625,69.3825912475586,706100.0
2020-11-27,69.83999633789062,70.11000061035156,69.2300033569336,69.93000030517578,69.62152862548828,400900.0
2020-11-30,69.7300033569336,70.19999694824219,67.91000366210938,68.33999633789062,68.03854370117188,1332000.0
2020-12-01,69.41999816894531,70.4800033569336,68.94999694824219,69.95999908447266,69.65139770507812,1213800.0
2020-12-02,69.83000183105469,69.86000061035156,68.22000122070312,68.56999969482422,68.26753234863281,975800.0
2020-12-03,68.5999984741211,69.79000091552734,68.0,69.37000274658203,69.06400299072266,1651600.0
2020-12-04,69.58000183105469,71.66999816894531,69.33999633789062,70.7300033569336,70.41800689697266,1330100.0
2020-12-07,70.79000091552734,71.62000274658203,70.37999725341797,71.51000213623047,71.19456481933594,805000.0
2020-12-08,71.37000274658203,72.4000015258789,71.19000244140625,71.7300033569336,71.41358947753906,1015100.0
2020-12-09,72.12000274658203,73.5199966430664,72.12000274658203,73.0999984741211,72.77755737304688,1072300.0
2020-12-10,72.54000091552734,73.9800033569336,71.58999633789062,73.01000213623047,72.68793487548828,1324000.0
2020-12-11,73.5,73.76000213623047,72.0,72.06999969482422,71.75209045410156,1446700.0
2020-12-14,72.2300033569336,72.43000030517578,68.29000091552734,68.51000213623047,68.20780181884766,2101400.0
2020-12-15,68.9000015258789,69.62000274658203,68.5999984741211,69.23999786376953,68.93457794189453,1874700.0
2020-12-16,68.61000061035156,69.22000122070312,67.19000244140625,68.4000015258789,68.0982894897461,4594900.0
2020-12-17,68.79000091552734,69.20999908447266,68.1500015258789,68.81999969482422,68.51643371582031,1425700.0
2020-12-18,68.91000366210938,69.30000305175781,67.41000366210938,68.29000091552734,67.98876953125,2172300.0
2020-12-21,67.37999725341797,68.62999725341797,66.75,68.58000183105469,68.2774887084961,1271100.0
2020-12-22,68.45999908447266,69.4800033569336,68.30999755859375,69.12999725341797,68.82506561279297,1179800.0
2020-12-23,69.4000015258789,71.08000183105469,69.37000274658203,70.80999755859375,70.49765014648438,1201800.0
2020-12-24,71.05000305175781,71.18000030517578,70.38999938964844,70.93000030517578,70.61711883544922,243900.0
2020-12-28,71.55000305175781,71.98999786376953,70.58000183105469,70.70999908447266,70.39808654785156,625600.0
2020-12-29,71.43000030517578,71.43000030517578,69.7699966430664,70.62000274658203,70.3084945678711,593000.0
2020-12-30,70.79000091552734,71.6500015258789,70.62999725341797,71.1500015258789,70.8361587524414,610900.0
2020-12-31,71.31999969482422,72.19999694824219,70.94000244140625,72.0199966430664,71.76282501220703,524200.0
2021-01-04,70.9000015258789,71.83000183105469,67.5999984741211,68.25,68.00629425048828,3380800.0
2021-01-05,68.25,70.0199966430664,68.1500015258789,69.56999969482422,69.32157897949219,1929400.0
2021-01-06,70.91999816894531,74.95999908447266,70.69999694824219,74.80000305175781,74.53291320800781,1939600.0
2021-01-07,75.91999816894531,77.4000015258789,74.9000015258789,76.38999938964844,76.11722564697266,1166700.0
2021-01-08,76.62000274658203,76.80000305175781,75.01000213623047,75.9800033569336,75.70869445800781,809400.0
2021-01-11,75.05999755859375,76.63999938964844,75.0,75.30999755859375,75.04108428955078,915900.0
2021-01-12,75.88999938964844,76.58999633789062,74.43000030517578,76.26000213623047,75.9876937866211,728500.0
2021-01-13,75.8499984741211,76.26000213623047,74.0,74.7699966430664,74.50301361083984,882300.0
2021-01-14,75.20999908447266,77.88999938964844,74.62000274658203,77.58000183105469,77.302978515625,1307900.0
2021-01-15,76.77999877929688,77.19999694824219,74.80000305175781,76.16000366210938,75.88804626464844,1021300.0
2021-01-19,77.19999694824219,78.37000274658203,76.62000274658203,78.25,77.97058868408203,1151300.0
2021-01-20,78.62000274658203,79.86000061035156,78.12999725341797,79.2699966430664,78.9869384765625,1328000.0
2021-01-21,79.16000366210938,79.80999755859375,77.3499984741211,77.80999755859375,77.53215789794922,827300.0
2021-01-22,77.55999755859375,78.12000274658203,76.63999938964844,77.66000366210938,77.38269805908203,1034600.0
2021-01-25,77.54000091552734,77.7699966430664,74.41000366210938,75.72000122070312,75.44961547851562,697200.0
2021-01-26,76.29000091552734,76.29000091552734,74.73999786376953,74.83999633789062,74.57276153564453,698300.0
2021-01-27,73.16999816894531,73.36000061035156,70.37999725341797,71.66999816894531,71.41407775878906,1130500.0
2021-01-28,72.93000030517578,73.43000030517578,71.5999984741211,72.55000305175781,72.29093933105469,996400.0
2021-01-29,72.1500015258789,72.2699966430664,69.83999633789062,70.47000122070312,70.21836853027344,957000.0
2021-02-01,71.55999755859375,73.0999984741211,70.47000122070312,72.87999725341797,72.61975860595703,1458700.0
2021-02-02,73.93000030517578,76.79000091552734,73.55999755859375,75.81999969482422,75.54927062988281,1320800.0
2021-02-03,75.62999725341797,75.62999725341797,74.05999755859375,74.12000274658203,73.85533905029297,861300.0
2021-02-04,74.26000213623047,75.43000030517578,73.70999908447266,75.30999755859375,75.04108428955078,929500.0
2021-02-05,76.13999938964844,76.20999908447266,74.80000305175781,75.94999694824219,75.67879486083984,687000.0
2021-02-08,76.75,77.06999969482422,76.08000183105469,76.58000183105469,76.30655670166016,852700.0
2021-02-09,76.6500015258789,77.88999938964844,76.0999984741211,77.16999816894531,76.89443969726562,773000.0
2021-02-10,77.44000244140625,77.44000244140625,76.1500015258789,76.22000122070312,75.94783020019531,848800.0
2021-02-11,76.56999969482422,78.52999877929688,76.12000274658203,77.01000213623047,76.73502349853516,876100.0
2021-02-12,76.69999694824219,78.05000305175781,76.55999755859375,77.87000274658203,77.5919418334961,637300.0
2021-02-16,78.75,79.55000305175781,77.33999633789062,77.61000061035156,77.33287048339844,629300.0
2021-02-17,77.36000061035156,78.0199966430664,76.0199966430664,76.83000183105469,76.5556640625,604800.0
2021-02-18,76.36000061035156,76.5,73.9000015258789,75.87999725341797,75.60904693603516,793900.0
2021-02-19,76.5999984741211,77.77999877929688,76.41999816894531,77.25,76.97415924072266,802700.0
2021-02-22,77.16000366210938,78.68000030517578,76.05999755859375,77.91000366210938,77.63180541992188,1110800.0
2021-02-23,77.19999694824219,78.73999786376953,74.83999633789062,78.20999908447266,77.93072509765625,1217900.0
2021-02-24,78.68000030517578,81.98999786376953,78.37000274658203,81.12999725341797,80.84029388427734,1720500.0
2021-02-25,84.0,86.2300033569336,83.43000030517578,84.61000061035156,84.3078842163086,2031900.0
2021-02-26,84.58999633789062,85.76000213623047,82.6500015258789,83.8499984741211,83.55059814453125,1536000.0
2021-03-01,85.68000030517578,87.66999816894531,85.22000122070312,85.69999694824219,85.39398193359375,1495700.0
2021-03-02,85.3499984741211,85.37999725341797,83.55999755859375,84.20999908447266,83.90929412841797,1331000.0
2021-03-03,84.20999908447266,85.04000091552734,82.58000183105469,82.7300033569336,82.43460083007812,1382400.0
2021-03-04,82.25,82.51000213623047,79.04000091552734,81.83000183105469,81.53780364990234,2443000.0
2021-03-05,82.66999816894531,83.63999938964844,78.79000091552734,83.12000274658203,82.82320404052734,1650200.0
2021-03-08,84.23999786376953,84.9000015258789,82.8499984741211,83.33999633789062,83.04240417480469,1507600.0
2021-03-09,84.12999725341797,84.66000366210938,83.05000305175781,83.2300033569336,82.93280029296875,948600.0
2021-03-10,83.16999816894531,85.80999755859375,82.69000244140625,85.48999786376953,85.18473815917969,1421000.0
2021-03-11,86.37999725341797,88.25,85.81999969482422,87.41000366210938,87.09788513183594,1391400.0
2021-03-12,87.38999938964844,88.70999908447266,87.1500015258789,88.63999938964844,88.323486328125,675400.0
2021-03-15,88.18000030517578,88.97000122070312,87.33999633789062,88.8499984741211,88.5327377319336,893500.0
2021-03-16,88.9000015258789,88.91000366210938,86.94999694824219,87.26000213623047,86.94841003417969,965800.0
2021-03-17,87.51000213623047,88.4000015258789,86.94000244140625,87.93000030517578,87.61602020263672,1038400.0
2021-03-18,88.04000091552734,88.73999786376953,85.69999694824219,85.80999755859375,85.50359344482422,1157900.0
2021-03-19,85.20999908447266,86.37999725341797,83.83000183105469,85.45999908447266,85.15484619140625,1392000.0
2021-03-22,85.45999908447266,85.7699966430664,83.87000274658203,85.05000305175781,84.74630737304688,733700.0
2021-03-23,84.12000274658203,84.94000244140625,81.61000061035156,82.38999938964844,82.0958023071289,1900400.0
2021-03-24,83.33999633789062,84.45999908447266,82.12999725341797,82.27999877929688,81.98619842529297,1744700.0
2021-03-25,81.73999786376953,84.01000213623047,80.38999938964844,83.4800033569336,83.18191528320312,1118000.0
2021-03-26,84.66000366210938,87.19999694824219,83.70999908447266,87.13999938964844,86.82884216308594,1253700.0
2021-03-29,86.55999755859375,87.76000213623047,84.08000183105469,84.31999969482422,84.01891326904297,1016000.0
2021-03-30,84.29000091552734,87.76000213623047,84.13999938964844,87.56999969482422,87.25730895996094,1571000.0
2021-03-31,88.18000030517578,88.9000015258789,86.66000366210938,87.9800033569336,87.66584777832031,1412000.0
2021-04-01,89.0,90.22000122070312,88.11000061035156,89.16999816894531,88.8515853881836,1358800.0
2021-04-05,90.91000366210938,92.1500015258789,90.16999816894531,91.93000030517578,91.66342163085938,1368100.0
2021-04-06,91.80000305175781,94.0999984741211,91.80000305175781,92.1500015258789,91.88278198242188,1928600.0
2021-04-07,92.1500015258789,92.2300033569336,90.43000030517578,91.0999984741211,90.8358154296875,1562800.0
2021-04-08,91.29000091552734,91.88999938964844,90.11000061035156,91.5199966430664,91.25460052490234,1109600.0
2021-04-09,91.91000366210938,93.75,91.4000015258789,93.72000122070312,93.44822692871094,933700.0
2021-04-12,93.80999755859375,94.12999725341797,92.73999786376953,93.25,92.97959899902344,976200.0
2021-04-13,93.5199966430664,94.48999786376953,92.66999816894531,94.05999755859375,93.7872314453125,1856300.0
2021-04-14,93.5,95.01000213623047,93.31999969482422,94.01000213623047,93.73739624023438,1176100.0
2021-04-15,94.5199966430664,95.31999969482422,93.7300033569336,95.27999877929688,95.00370025634766,907900.0
2021-04-16,95.91999816894531,96.48999786376953,94.62999725341797,95.69999694824219,95.42247772216797,918900.0
2021-04-19,96.29000091552734,96.4800033569336,95.20999908447266,95.83000183105469,95.55210876464844,714700.0
2021-04-20,95.29000091552734,95.36000061035156,92.18000030517578,93.75,93.47813415527344,1209800.0
2021-04-21,94.0,95.66000366210938,93.37000274658203,95.56999969482422,95.29286193847656,853500.0
2021-04-22,95.76000213623047,96.7699966430664,94.8499984741211,95.91999816894531,95.64183807373047,1125000.0
2021-04-23,95.81999969482422,97.94999694824219,95.52999877929688,97.63999938964844,97.35685729980469,847300.0
2021-04-26,98.47000122070312,98.94999694824219,97.3499984741211,97.72000122070312,97.43663024902344,833100.0
2021-04-27,97.76000213623047,98.37000274658203,97.0199966430664,98.18000030517578,97.89529418945312,726500.0
2021-04-28,98.25,98.41999816894531,97.69999694824219,97.8499984741211,97.56624603271484,581500.0
2021-04-29,98.62999725341797,98.91999816894531,97.37999725341797,98.73999786376953,98.45366668701172,552000.0
2021-04-30,98.04000091552734,98.62999725341797,96.37999725341797,96.63999938964844,96.35975646972656,1727700.0
2021-05-03,97.83999633789062,98.5,97.05000305175781,97.18000030517578,96.898193359375,866600.0
2021-05-04,96.7699966430664,97.69000244140625,95.30000305175781,97.6500015258789,97.36682891845703,729100.0
2021-05-05,97.91999816894531,98.47000122070312,96.7699966430664,97.37999725341797,97.09761810302734,905100.0
2021-05-06,97.30000305175781,100.0,96.30999755859375,98.58999633789062,98.3041000366211,1195300.0
2021-05-07,97.52999877929688,101.72000122070312,97.31999969482422,100.18000030517578,99.88949584960938,1584400.0
2021-05-10,100.7300033569336,101.95999908447266,100.12000274658203,100.5999984741211,100.30827331542969,1075100.0
2021-05-11,99.0,100.04000091552734,97.27999877929688,98.58999633789062,98.3041000366211,1362300.0
2021-05-12,98.52999877929688,99.1500015258789,94.51000213623047,94.66999816894531,94.39546966552734,1109300.0
2021-05-13,94.33999633789062,96.3499984741211,93.69000244140625,96.0199966430664,95.7415542602539,940900.0
2021-05-14,96.94999694824219,97.7300033569336,96.19999694824219,97.41999816894531,97.13749694824219,575900.0
2021-05-17,96.88999938964844,97.63999938964844,95.80000305175781,96.77999877929688,96.49935913085938,683500.0
2021-05-18,96.77999877929688,97.05000305175781,93.11000061035156,93.19000244140625,92.91976165771484,1404000.0
2021-05-19,92.33000183105469,92.47000122070312,90.02999877929688,91.2699966430664,91.00532531738281,1900200.0
2021-05-20,91.81999969482422,92.01000213623047,89.86000061035156,90.94000244140625,90.67628479003906,1978500.0
2021-05-21,91.94000244140625,93.36000061035156,91.9000015258789,92.62000274658203,92.3514175415039,959500.0
2021-05-24,93.05999755859375,93.23999786376953,92.22000122070312,92.4800033569336,92.21182250976562,560100.0
2021-05-25,93.33000183105469,94.2699966430664,92.80000305175781,93.81999969482422,93.54792785644531,1258300.0
2021-05-26,93.66999816894531,94.83999633789062,93.37000274658203,94.30000305175781,94.02655029296875,808200.0
2021-05-27,95.68000030517578,96.75,95.18000030517578,95.58000183105469,95.3028335571289,1134900.0
2021-05-28,95.66000366210938,95.81999969482422,94.52999877929688,95.3499984741211,95.07350158691406,650300.0
2021-06-01,97.36000061035156,97.98999786376953,96.12000274658203,96.44999694824219,96.17030334472656,996000.0
2021-06-02,96.55999755859375,96.68000030517578,92.94000244140625,93.55000305175781,93.27873229980469,1489700.0
2021-06-03,93.06999969482422,93.83000183105469,91.25,93.45999908447266,93.18898010253906,807200.0
2021-06-04,93.63999938964844,94.26000213623047,91.9800033569336,93.16000366210938,92.88985443115234,851300.0
2021-06-07,92.95999908447266,93.31999969482422,91.68000030517578,92.23999786376953,91.9725112915039,1080500.0
2021-06-08,93.25,94.87999725341797,92.5,94.5199966430664,94.24591064453125,978700.0
2021-06-09,94.04000091552734,94.4800033569336,92.77999877929688,92.83999633789062,92.57077026367188,753000.0
2021-06-10,93.7699966430664,93.9800033569336,91.43000030517578,91.66999816894531,91.40416717529297,1738400.0
2021-06-11,92.31999969482422,93.05999755859375,91.4000015258789,92.12000274658203,91.85287475585938,1598900.0
2021-06-14,92.81999969482422,93.62999725341797,91.16999816894531,91.70999908447266,91.44405364990234,831800.0
2021-06-15,91.5,92.4000015258789,91.0999984741211,92.05000305175781,91.78307342529297,686100.0
2021-06-16,91.87000274658203,92.11000061035156,90.41000366210938,91.0999984741211,90.8358154296875,1079000.0
2021-06-17,91.0999984741211,91.66000366210938,87.11000061035156,87.1500015258789,86.89728546142578,1820500.0
2021-06-18,85.61000061035156,86.66999816894531,85.2300033569336,85.91000366210938,85.66088104248047,2179100.0
2021-06-21,86.77999877929688,88.91000366210938,86.77999877929688,88.20999908447266,87.9542007446289,1772400.0
2021-06-22,88.33000183105469,89.4000015258789,87.27999877929688,88.94000244140625,88.68208312988281,1278000.0
2021-06-23,89.44000244140625,90.69999694824219,88.80000305175781,89.81999969482422,89.55953216552734,1055500.0
2021-06-24,90.5,92.5199966430664,89.70999908447266,92.05999755859375,91.79304504394531,1401000.0
2021-06-25,92.48999786376953,93.13999938964844,92.11000061035156,92.30999755859375,92.04232025146484,2015000.0
2021-06-28,92.23999786376953,92.80000305175781,90.04000091552734,91.19000244140625,90.9255599975586,731000.0
2021-06-29,91.70999908447266,92.1500015258789,90.43000030517578,90.70999908447266,90.44694519042969,703800.0
2021-06-30,90.2699966430664,91.19999694824219,89.80000305175781,90.56999969482422,90.36713409423828,1040700.0
2021-07-01,91.86000061035156,91.86000061035156,90.36000061035156,90.76000213623047,90.55671691894531,724700.0
2021-07-02,90.75,90.87000274658203,89.05000305175781,89.52999877929688,89.32946014404297,800500.0
2021-07-06,89.63999938964844,89.63999938964844,86.94000244140625,87.98999786376953,87.79291534423828,906900.0
2021-07-07,86.9800033569336,88.87999725341797,86.94000244140625,87.97000122070312,87.77295684814453,1618400.0
2021-07-08,86.44999694824219,88.55999755859375,85.05999755859375,87.26000213623047,87.06454467773438,1404000.0
2021-07-09,88.68000030517578,90.13999938964844,88.4000015258789,89.79000091552734,89.58888244628906,904200.0
2021-07-12,89.69000244140625,91.0,88.68000030517578,90.62999725341797,90.42699432373047,722300.0
2021-07-13,90.0199966430664,90.41000366210938,89.33999633789062,89.73999786376953,89.53898620605469,688100.0
2021-07-14,90.41000366210938,91.38999938964844,88.33999633789062,88.80999755859375,88.61106872558594,623600.0
2021-07-15,87.76000213623047,89.76000213623047,87.44000244140625,88.33000183105469,88.13214874267578,791400.0
2021-07-16,88.87000274658203,89.41999816894531,87.56999969482422,87.94000244140625,87.7430191040039,927100.0
2021-07-19,86.44000244140625,86.62999725341797,84.4000015258789,85.44000244140625,85.24862670898438,882500.0
2021-07-20,85.30000305175781,88.83999633789062,84.93000030517578,88.30000305175781,88.10221862792969,946300.0
2021-07-21,89.5,90.58000183105469,89.23999786376953,89.55000305175781,89.34941864013672,604400.0
2021-07-22,89.41000366210938,89.88999938964844,88.58000183105469,89.22000122070312,89.02014923095703,598300.0
2021-07-23,89.70999908447266,89.93000030517578,88.73999786376953,89.7699966430664,89.56891632080078,540200.0
2021-07-26,89.94000244140625,90.63999938964844,87.81999969482422,88.18000030517578,87.98249053955078,683500.0
2021-07-27,87.55000305175781,88.75,87.08999633789062,88.08999633789062,87.89268493652344,639400.0
2021-07-28,88.31999969482422,90.56999969482422,86.94000244140625,89.66000366210938,89.45917510986328,757800.0
2021-07-29,90.88999938964844,91.9000015258789,90.06999969482422,91.44999694824219,91.24516296386719,637400.0
2021-07-30,90.87999725341797,91.86000061035156,90.52999877929688,90.9000015258789,90.6963882446289,630400.0
2021-08-02,91.86000061035156,93.41999816894531,89.0199966430664,89.0999984741211,88.90042877197266,688300.0
2021-08-03,89.58000183105469,91.30000305175781,88.30999755859375,91.18000030517578,90.97576141357422,870000.0
2021-08-04,90.52999877929688,90.97000122070312,89.0199966430664,89.04000091552734,88.84056091308594,1054400.0
2021-08-05,88.30999755859375,94.26000213623047,88.30999755859375,92.52999877929688,92.32273864746094,1216300.0
2021-08-06,93.5999984741211,94.58999633789062,92.05000305175781,92.3499984741211,92.14315032958984,739500.0
2021-08-09,91.79000091552734,92.55000305175781,90.08999633789062,92.08000183105469,91.87374114990234,811000.0
2021-08-10,92.23999786376953,94.8499984741211,91.29000091552734,94.23999786376953,94.02891540527344,812900.0
2021-08-11,94.52999877929688,97.33000183105469,94.0999984741211,97.13999938964844,96.92241668701172,1352200.0
2021-08-12,98.16999816894531,99.5199966430664,97.38999938964844,98.36000061035156,98.13967895507812,1199500.0
2021-08-13,98.37000274658203,98.6500015258789,97.05000305175781,97.47000122070312,97.25167846679688,636400.0
2021-08-16,96.76000213623047,97.5,96.31999969482422,96.97000122070312,96.75279235839844,627200.0
2021-08-17,96.11000061035156,96.11000061035156,92.86000061035156,95.05000305175781,94.83710479736328,1041100.0
2021-08-18,94.72000122070312,96.9800033569336,94.56999969482422,96.23999786376953,96.02442932128906,885800.0
2021-08-19,94.98999786376953,96.27999877929688,94.91000366210938,95.87999725341797,95.66523742675781,820300.0
2021-08-20,95.68000030517578,96.41000366210938,95.18000030517578,96.30000305175781,96.08429718017578,607300.0
2021-08-23,97.27999877929688,98.05999755859375,96.56999969482422,97.51000213623047,97.29158782958984,634500.0
2021-08-24,97.76000213623047,99.36000061035156,97.52999877929688,99.05000305175781,98.82813262939453,809000.0
2021-08-25,99.4800033569336,102.69999694824219,99.05000305175781,102.19000244140625,101.96111297607422,1263400.0
2021-08-26,102.0,102.88999938964844,101.13999938964844,101.58999633789062,101.36244201660156,776800.0
2021-08-27,102.22000122070312,103.79000091552734,101.75,103.3499984741211,103.11849975585938,1007600.0
2021-08-30,104.06999969482422,104.38999938964844,103.0,103.41000366210938,103.1783676147461,641900.0
2021-08-31,103.69000244140625,103.94000244140625,101.9800033569336,102.0999984741211,101.87130737304688,822500.0
2021-09-01,102.20999908447266,102.66000366210938,100.61000061035156,101.7699966430664,101.54204559326172,750600.0
2021-09-02,110.2699966430664,114.7300033569336,108.72000122070312,114.04000091552734,113.7845687866211,3668800.0
2021-09-03,114.44000244140625,116.43000030517578,113.31999969482422,116.0,115.74017333984375,2387500.0
2021-09-07,115.72000122070312,116.12000274658203,113.45999908447266,115.26000213623047,115.00182342529297,1511900.0
2021-09-08,115.26000213623047,116.72000122070312,114.79000091552734,115.70999908447266,115.45081329345703,1095200.0
2021-09-09,115.19000244140625,116.30000305175781,113.91999816894531,114.5,114.2435302734375,892100.0
2021-09-10,115.38999938964844,117.06999969482422,114.4000015258789,115.80000305175781,115.54061889648438,1325900.0
2021-09-13,116.66000366210938,117.19000244140625,114.41999816894531,115.16000366210938,114.90205383300781,1075400.0
2021-09-14,115.48999786376953,116.66999816894531,114.36000061035156,116.0,115.74017333984375,1398400.0
2021-09-15,115.66000366210938,119.69999694824219,115.05000305175781,118.16999816894531,117.90531158447266,1306000.0
2021-09-16,118.0,119.41999816894531,116.61000061035156,116.87000274658203,116.60823059082031,1082500.0
2021-09-17,117.52999877929688,118.91000366210938,116.3499984741211,118.41999816894531,118.15473937988281,2272300.0
2021-09-20,115.2300033569336,117.06999969482422,114.06999969482422,116.70999908447266,116.44857788085938,1320400.0
2021-09-21,117.69999694824219,117.77999877929688,113.86000061035156,114.87000274658203,114.61270141601562,1212400.0
2021-09-22,115.9000015258789,118.01000213623047,115.7699966430664,115.87000274658203,115.61046600341797,1037500.0
2021-09-23,116.69000244140625,119.30000305175781,116.30000305175781,118.61000061035156,118.34432220458984,1326600.0
2021-09-24,118.0199966430664,119.41000366210938,117.2699966430664,117.29000091552734,117.02728271484375,1027500.0
2021-09-27,118.01000213623047,118.72000122070312,116.73999786376953,117.02999877929688,116.76786804199219,931500.0
2021-09-28,115.86000061035156,117.12000274658203,114.0999984741211,115.83000183105469,115.570556640625,901500.0
2021-09-29,116.38999938964844,116.44999694824219,114.52999877929688,115.8499984741211,115.59049987792969,1262000.0
2021-09-30,116.58000183105469,116.58000183105469,113.81999969482422,113.81999969482422,113.6239013671875,1093300.0
2021-10-01,114.30000305175781,117.62999725341797,113.3499984741211,116.66999816894531,116.46898651123047,1512600.0
2021-10-04,116.1500015258789,117.44999694824219,112.87999725341797,113.13999938964844,112.945068359375,1552300.0
2021-10-05,113.16000366210938,114.69000244140625,111.69000244140625,112.66000366210938,112.46589660644531,2449400.0
2021-10-06,111.47000122070312,112.86000061035156,108.55999755859375,111.70999908447266,111.51753234863281,1485900.0
2021-10-07,112.16999816894531,114.01000213623047,111.44000244140625,113.38999938964844,113.19464111328125,1632700.0
2021-10-08,113.19000244140625,114.08000183105469,112.19000244140625,112.7699966430664,112.5757064819336,617500.0
2021-10-11,112.47000122070312,113.20999908447266,110.86000061035156,110.9000015258789,110.70893096923828,624000.0
2021-10-12,110.94000244140625,112.48999786376953,110.30999755859375,111.63999938964844,111.4476547241211,664500.0
2021-10-13,111.9000015258789,112.1500015258789,110.44999694824219,111.0,110.80875396728516,635200.0
2021-10-14,112.2300033569336,113.29000091552734,111.6500015258789,113.13999938964844,112.945068359375,743800.0
2021-10-15,114.79000091552734,115.2300033569336,112.16000366210938,112.33999633789062,112.14644622802734,1145700.0
2021-10-18,111.88999938964844,113.27999877929688,111.54000091552734,112.66999816894531,112.47588348388672,716900.0
2021-10-19,113.20999908447266,114.22000122070312,111.97000122070312,113.25,113.05487823486328,843600.0
2021-10-20,113.26000213623047,114.8499984741211,112.36000061035156,114.31999969482422,114.12303924560547,901200.0
2021-10-21,114.27999877929688,116.7699966430664,113.1500015258789,116.5999984741211,116.39910888671875,1320500.0
2021-10-22,116.58999633789062,118.75,116.58999633789062,118.05999755859375,117.8565902709961,777300.0
2021-10-25,118.16999816894531,121.38999938964844,117.69999694824219,120.5199966430664,120.3123550415039,929200.0
2021-10-26,121.66999816894531,121.94999694824219,119.54000091552734,119.69999694824219,119.49376678466797,676800.0
2021-10-27,119.31999969482422,119.62999725341797,116.31999969482422,116.47000122070312,116.26933288574219,790800.0
2021-10-28,117.13999938964844,121.8499984741211,117.13999938964844,121.51000213623047,121.30065155029297,880000.0
2021-10-29,121.0199966430664,122.94999694824219,120.55999755859375,121.27999877929688,121.07105255126953,905200.0
2021-11-01,122.01000213623047,122.38999938964844,120.5199966430664,120.9800033569336,120.77156829833984,926900.0
2021-11-02,120.9800033569336,121.4000015258789,118.88999938964844,120.68000030517578,120.47207641601562,913000.0
2021-11-03,119.91999816894531,120.2300033569336,115.16000366210938,116.81999969482422,116.61872863769531,1638900.0
2021-11-04,112.26000213623047,117.41999816894531,110.80000305175781,113.27999877929688,113.08482360839844,1803500.0
2021-11-05,114.08999633789062,118.83000183105469,112.55999755859375,117.41999816894531,117.21768951416016,1657700.0
2021-11-08,121.43000030517578,124.69000244140625,119.58999633789062,119.80000305175781,119.59359741210938,1313600.0
2021-11-09,120.0,121.19999694824219,117.70999908447266,118.20999908447266,118.00634002685547,891100.0
2021-11-10,117.4800033569336,118.69000244140625,115.4800033569336,116.04000091552734,115.84007263183594,635300.0
2021-11-11,116.19999694824219,118.16000366210938,116.1500015258789,116.54000091552734,116.3392105102539,607200.0
2021-11-12,116.63999938964844,117.51000213623047,113.55999755859375,116.9800033569336,116.77845764160156,1233900.0
2021-11-15,118.56999969482422,119.27999877929688,117.70999908447266,118.68000030517578,118.47552490234375,1182200.0
2021-11-16,118.81999969482422,120.0,117.94000244140625,119.48999786376953,119.28413391113281,869700.0
2021-11-17,119.43000030517578,119.9800033569336,117.51000213623047,118.5,118.29584503173828,957600.0
2021-11-18,118.91000366210938,119.81999969482422,117.9000015258789,119.05999755859375,118.85487365722656,566700.0
2021-11-19,118.4000015258789,121.58999633789062,117.9800033569336,121.05999755859375,120.85142517089844,813900.0
2021-11-22,122.0,122.63999938964844,119.2699966430664,120.56999969482422,120.36226654052734,1056300.0
2021-11-23,120.44999694824219,121.83000183105469,119.3499984741211,120.83000183105469,120.62181854248047,1038300.0
2021-11-24,120.37000274658203,122.55000305175781,119.0199966430664,121.9800033569336,121.76984405517578,861700.0
2021-11-26,118.47000122070312,119.41000366210938,116.0,117.54000091552734,117.33748626708984,647100.0
2021-11-29,121.02999877929688,124.19999694824219,119.94999694824219,121.68000030517578,121.4703598022461,1100100.0
2021-11-30,120.19000244140625,121.37000274658203,113.5999984741211,113.77999877929688,113.58396911621094,1647600.0
2021-12-01,116.5999984741211,117.83000183105469,110.48999786376953,110.51000213623047,110.3196029663086,1129400.0
2021-12-02,111.1500015258789,115.91999816894531,110.5999984741211,113.58999633789062,113.39429473876953,1731000.0
2021-12-03,114.19000244140625,114.44999694824219,110.12999725341797,112.61000061035156,112.41598510742188,1047700.0
2021-12-06,114.1500015258789,114.83999633789062,111.56999969482422,112.95999908447266,112.765380859375,1191300.0
2021-12-07,115.0,117.51000213623047,114.48999786376953,117.0,116.79843139648438,797600.0
2021-12-08,116.94000244140625,117.38999938964844,115.72000122070312,116.05999755859375,115.86004638671875,1018200.0
2021-12-09,115.25,117.02999877929688,113.58000183105469,113.66000366210938,113.46417999267578,844100.0
2021-12-10,114.5,115.2699966430664,113.23999786376953,114.36000061035156,114.16297912597656,611300.0
2021-12-13,114.76000213623047,114.88999938964844,111.3499984741211,112.01000213623047,111.8170166015625,989100.0
2021-12-14,111.66000366210938,112.77999877929688,109.31999969482422,110.76000213623047,110.56916809082031,1005300.0
2021-12-15,111.41999816894531,112.2699966430664,108.69999694824219,112.16000366210938,111.96675872802734,864400.0
2021-12-16,113.13999938964844,115.20999908447266,110.55000305175781,111.3499984741211,111.15814971923828,913700.0
2021-12-17,110.66000366210938,111.5199966430664,107.37999725341797,108.86000061035156,108.67244720458984,2274600.0
2021-12-20,105.70999908447266,107.63999938964844,105.22000122070312,107.44000244140625,107.25489807128906,1690400.0
2021-12-21,108.37000274658203,110.97000122070312,108.37000274658203,110.83000183105469,110.63905334472656,951400.0
2021-12-22,111.16999816894531,111.75,110.12999725341797,111.5199966430664,111.3278579711914,692300.0
2021-12-23,111.95999908447266,113.04000091552734,111.51000213623047,111.87999725341797,111.68724060058594,493100.0
2021-12-27,112.3499984741211,114.44000244140625,112.05999755859375,114.37999725341797,114.18292999267578,608100.0
2021-12-28,114.4000015258789,115.66999816894531,114.11000061035156,114.30000305175781,114.10307312011719,432200.0
2021-12-29,114.41999816894531,115.33999633789062,114.06999969482422,114.27999877929688,114.0831069946289,412800.0
2021-12-30,114.38999938964844,115.37000274658203,112.5999984741211,112.83000183105469,112.63561248779297,644600.0
2021-12-31,112.83000183105469,115.26000213623047,112.83000183105469,114.66000366210938,114.46246337890625,631400.0
2022-01-03,114.75,115.88999938964844,111.94000244140625,112.2699966430664,112.14502716064453,923600.0
2022-01-04,113.13999938964844,116.72000122070312,113.0,116.1500015258789,116.02071380615234,853300.0
2022-01-05,115.91999816894531,117.58999633789062,109.18000030517578,109.31999969482422,109.19831848144531,1585700.0
2022-01-06,109.77999877929688,110.48999786376953,108.04000091552734,109.98999786376953,109.86756134033203,1044700.0
2022-01-07,109.80000305175781,110.25,106.62000274658203,106.69000244140625,106.57124328613281,832200.0
2022-01-10,105.91999816894531,108.0,103.58999633789062,107.7699966430664,107.65003204345703,1380400.0
2022-01-11,108.25,110.56999969482422,105.38999938964844,109.9800033569336,109.85758209228516,1133200.0
2022-01-12,110.7300033569336,111.37999725341797,108.27999877929688,110.13999938964844,110.01740264892578,757300.0
2022-01-13,110.70999908447266,111.8499984741211,107.02999877929688,107.27999877929688,107.16058349609375,824000.0
2022-01-14,105.6500015258789,107.0199966430664,105.12999725341797,106.63999938964844,106.52130126953125,581100.0
2022-01-18,105.05000305175781,106.44000244140625,104.06999969482422,105.5999984741211,105.48246002197266,1089200.0
2022-01-19,106.2699966430664,107.3499984741211,102.0999984741211,102.16000366210938,102.0462875366211,1148100.0
2022-01-20,102.48999786376953,104.0999984741211,99.72000122070312,99.9800033569336,99.86871337890625,1145100.0
2022-01-21,99.9800033569336,100.55999755859375,97.86000061035156,98.2699966430664,98.16061401367188,3039000.0
2022-01-24,95.75,99.66000366210938,93.91000366210938,99.4800033569336,99.36927032470703,1840200.0
2022-01-25,97.87000274658203,98.16999816894531,95.37000274658203,97.05999755859375,96.95195770263672,1456600.0
2022-01-26,99.0,101.25,95.94000244140625,97.05999755859375,96.95195770263672,1095100.0
2022-01-27,97.94000244140625,99.69999694824219,96.44000244140625,96.88999938964844,96.78215026855469,1165900.0
2022-01-28,96.87999725341797,98.55000305175781,94.91000366210938,98.5,98.3903579711914,939300.0
2022-01-31,97.55000305175781,102.72000122070312,97.55000305175781,102.72000122070312,102.60565948486328,1471000.0
2022-02-01,103.08999633789062,104.11000061035156,101.02999877929688,103.12000274658203,103.00521850585938,1054200.0
2022-02-02,103.30000305175781,104.0,101.47000122070312,103.80999755859375,103.69445037841797,1161600.0
2022-02-03,102.4800033569336,103.80999755859375,101.30999755859375,101.47000122070312,101.3570556640625,1049900.0
2022-02-04,101.19000244140625,102.41999816894531,99.91999816894531,99.94999694824219,99.83873748779297,853000.0
2022-02-07,100.0,100.81999969482422,98.43000030517578,98.87000274658203,98.75994873046875,1241500.0
2022-02-08,99.25,102.62999725341797,98.97000122070312,102.25,102.13618469238281,1103800.0
2022-02-09,104.0199966430664,106.41999816894531,104.0199966430664,106.2699966430664,106.15170288085938,999600.0
2022-02-10,104.0999984741211,106.8499984741211,101.95999908447266,102.87000274658203,102.75550079345703,1325900.0
2022-02-11,102.81999969482422,103.83000183105469,99.33000183105469,99.91000366210938,99.79878997802734,1394800.0
2022-02-14,100.04000091552734,101.30999755859375,98.5199966430664,99.45999908447266,99.34928894042969,879500.0
2022-02-15,101.30000305175781,105.04000091552734,101.30000305175781,104.83999633789062,104.72329711914062,1334700.0
2022-02-16,103.72000122070312,107.72000122070312,103.20999908447266,106.9800033569336,106.86092376708984,1156100.0
2022-02-17,105.80999755859375,106.44000244140625,102.69999694824219,102.9800033569336,102.86537170410156,1118900.0
2022-02-18,102.76000213623047,103.93000030517578,101.83999633789062,102.16999816894531,102.0562744140625,901100.0
2022-02-22,101.38999938964844,103.30999755859375,100.12000274658203,100.7699966430664,100.65782928466797,1253400.0
2022-02-23,101.26000213623047,101.66000366210938,97.77999877929688,98.31999969482422,98.21055603027344,1154700.0
2022-02-24,98.0,109.5,97.0,108.73999786376953,108.61895751953125,2814000.0
2022-02-25,107.43000030517578,108.9000015258789,104.08999633789062,108.20999908447266,108.08955383300781,2063600.0
2022-02-28,106.83999633789062,109.98999786376953,106.12000274658203,108.94000244140625,108.81874084472656,1398800.0
2022-03-01,109.5199966430664,111.02999877929688,107.94000244140625,108.37000274658203,108.24937438964844,1710200.0
2022-03-02,109.33000183105469,110.87999725341797,108.87000274658203,110.23999786376953,110.1172866821289,1192900.0
2022-03-03,110.88999938964844,113.11000061035156,110.88999938964844,112.37000274658203,112.24491882324219,1537400.0
2022-03-04,110.6500015258789,111.33000183105469,107.62000274658203,109.16999816894531,109.04847717285156,1056300.0
2022-03-07,108.80000305175781,111.87000274658203,107.77999877929688,108.01000213623047,107.88977813720703,1628400.0
2022-03-08,108.37999725341797,117.70999908447266,108.13999938964844,116.83000183105469,116.69995880126953,3089900.0
2022-03-09,117.81999969482422,121.1500015258789,116.76000213623047,118.72000122070312,118.58785247802734,2264000.0
2022-03-10,116.98999786376953,121.4800033569336,116.63999938964844,121.05000305175781,120.9152603149414,1636100.0
2022-03-11,121.5,124.94999694824219,121.5,123.31999969482422,123.18273162841797,1963100.0
2022-03-14,123.18000030517578,124.66000366210938,121.27999877929688,122.5999984741211,122.46353149414062,1837100.0
2022-03-15,121.83999633789062,123.0,119.4800033569336,121.66999816894531,121.5345687866211,1090600.0
2022-03-16,122.8499984741211,124.44000244140625,119.80000305175781,122.83999633789062,122.70326232910156,1172900.0
2022-03-17,121.7699966430664,125.69000244140625,121.75,125.66000366210938,125.52012634277344,763300.0
2022-03-18,124.86000061035156,127.1500015258789,124.0,126.55999755859375,126.41912078857422,1269200.0
2022-03-21,126.7699966430664,128.94000244140625,126.66999816894531,128.22000122070312,128.07728576660156,1257700.0
2022-03-22,128.58999633789062,131.33999633789062,128.57000732421875,129.74000549316406,129.5955810546875,1154500.0
2022-03-23,129.22000122070312,129.9499969482422,127.72000122070312,129.2100067138672,129.06619262695312,936100.0
2022-03-24,129.2899932861328,132.86000061035156,129.2899932861328,132.57000732421875,132.4224395751953,1059700.0
2022-03-25,132.57000732421875,134.5,131.86000061035156,134.3000030517578,134.1505126953125,1206700.0
2022-03-28,134.1699981689453,135.61000061035156,133.47999572753906,135.5399932861328,135.3891143798828,1349000.0
2022-03-29,136.67999267578125,137.72000122070312,131.8800048828125,134.4600067138672,134.3103485107422,1443600.0
2022-03-30,136.25999450683594,136.49000549316406,130.91000366210938,132.16000366210938,132.0128936767578,1753400.0
2022-03-31,132.1300048828125,135.47000122070312,131.3800048828125,131.61000061035156,131.4635009765625,1288500.0
2022-04-01,132.0,133.75999450683594,131.16000366210938,131.6199951171875,131.47348022460938,1087000.0
2022-04-04,131.6199951171875,132.1999969482422,129.80999755859375,131.44000244140625,131.29368591308594,1158200.0
2022-04-05,131.22000122070312,133.10000610351562,129.8699951171875,130.10000610351562,129.9552001953125,1573200.0
2022-04-06,128.0,130.61000061035156,126.2699966430664,129.41000366210938,129.26596069335938,1984100.0
2022-04-07,129.5800018310547,133.72999572753906,128.72999572753906,132.36000061035156,132.21266174316406,1811700.0
2022-04-08,133.0,135.1300048828125,131.6699981689453,133.99000549316406,133.91168212890625,1661100.0
2022-04-11,132.64999389648438,135.1300048828125,132.32000732421875,133.02999877929688,132.95223999023438,1832400.0
2022-04-12,133.6999969482422,135.32000732421875,132.77999877929688,133.9199981689453,133.8417205810547,1594600.0
2022-04-13,133.97000122070312,135.3699951171875,133.64999389648438,134.74000549316406,134.66123962402344,1079700.0
2022-04-14,134.8699951171875,136.74000549316406,134.58999633789062,135.13999938964844,135.06100463867188,1532700.0
2022-04-18,134.8699951171875,137.2899932861328,134.80999755859375,136.3699951171875,136.290283203125,1014100.0
2022-04-19,136.52000427246094,139.22000122070312,135.85000610351562,138.91000366210938,138.8288116455078,1044700.0
2022-04-20,137.55999755859375,140.0399932861328,136.57000732421875,137.83999633789062,137.75942993164062,1480600.0
2022-04-21,139.1699981689453,139.1699981689453,124.37999725341797,125.2699966430664,125.19676971435547,3511800.0
2022-04-22,124.23999786376953,124.87999725341797,119.69000244140625,120.54000091552734,120.46954345703125,2619000.0
2022-04-25,119.18000030517578,121.01000213623047,117.25,120.66999816894531,120.5994644165039,1725100.0
2022-04-26,119.5999984741211,120.05999755859375,116.56999969482422,117.06999969482422,117.0015640258789,1385200.0
2022-04-27,117.58000183105469,119.97000122070312,117.43000030517578,117.80000305175781,117.73114013671875,1831400.0
2022-04-28,118.55999755859375,119.7699966430664,115.12000274658203,118.83999633789062,118.7705307006836,1141100.0
2022-04-29,118.0,120.8499984741211,115.4800033569336,115.9800033569336,115.9122085571289,1122900.0
2022-05-02,115.72000122070312,116.75,112.88999938964844,116.2300033569336,116.16206359863281,1663700.0
2022-05-03,116.0999984741211,119.88999938964844,116.0999984741211,119.01000213623047,118.94043731689453,1271600.0
2022-05-04,119.5,121.55000305175781,116.8499984741211,121.27999877929688,121.2091064453125,2059800.0
2022-05-05,123.19000244140625,125.72000122070312,118.62000274658203,120.98999786376953,120.91927337646484,2174400.0
2022-05-06,119.76000213623047,120.69999694824219,115.2699966430664,117.58999633789062,117.5212631225586,1620300.0
2022-05-09,115.5,116.66999816894531,109.16999816894531,109.83000183105469,109.76580047607422,2095800.0
2022-05-10,110.7300033569336,113.19000244140625,108.70999908447266,111.81999969482422,111.754638671875,2108500.0
2022-05-11,111.08999633789062,114.08999633789062,108.52999877929688,108.76000213623047,108.69642639160156,2069100.0
2022-05-12,107.55000305175781,110.05999755859375,106.33000183105469,108.93000030517578,108.86632537841797,1365600.0
2022-05-13,110.9000015258789,114.70999908447266,110.77999877929688,112.56999969482422,112.50419616699219,1662100.0
2022-05-16,112.62999725341797,113.58000183105469,110.62000274658203,112.19000244140625,112.12442016601562,1288800.0
2022-05-17,113.86000061035156,114.66999816894531,111.05999755859375,113.66000366210938,113.59356689453125,1608400.0
2022-05-18,112.93000030517578,116.26000213623047,110.0199966430664,110.62000274658203,110.55534362792969,1132000.0
2022-05-19,109.55000305175781,115.29000091552734,109.25,113.52999877929688,113.46363830566406,1447900.0
2022-05-20,114.83999633789062,115.33000183105469,111.13999938964844,113.0,112.93394470214844,1588800.0
2022-05-23,114.48999786376953,117.94000244140625,114.12000274658203,116.43000030517578,116.3619384765625,1372700.0
2022-05-24,115.4800033569336,116.37000274658203,113.7699966430664,115.91000366210938,115.84224700927734,1307500.0
2022-05-25,116.37999725341797,119.26000213623047,115.75,118.36000061035156,118.29081726074219,1243900.0
2022-05-26,120.0,122.62000274658203,119.27999877929688,120.62999725341797,120.55948638916016,1764600.0
2022-05-27,121.91999816894531,124.41000366210938,121.61000061035156,123.51000213623047,123.43780517578125,1486000.0
2022-05-31,123.87000274658203,123.9800033569336,118.33000183105469,119.0,118.9304428100586,10607300.0
2022-06-01,120.52999877929688,121.75,117.69000244140625,119.77999877929688,119.7099838256836,1350900.0
2022-06-02,119.81999969482422,124.70999908447266,119.01000213623047,124.56999969482422,124.49718475341797,1189200.0
2022-06-03,123.72000122070312,129.44000244140625,123.18000030517578,129.1199951171875,129.04452514648438,1746200.0
2022-06-06,134.57000732421875,138.4600067138672,130.8800048828125,131.39999389648438,131.32318115234375,2312900.0
2022-06-07,130.27000427246094,134.16000366210938,128.89999389648438,133.74000549316406,133.66183471679688,1402000.0
2022-06-08,133.17999267578125,133.17999267578125,129.14999389648438,130.44000244140625,130.36375427246094,1565600.0
2022-06-09,129.74000549316406,132.7100067138672,128.4199981689453,130.75999450683594,130.68356323242188,912700.0
2022-06-10,128.5800018310547,129.07000732421875,124.6500015258789,126.5999984741211,126.52599334716797,1411400.0
2022-06-13,125.36000061035156,128.72999572753906,123.08999633789062,125.80999755859375,125.73645782470703,2222700.0
2022-06-14,125.86000061035156,126.48999786376953,122.47000122070312,123.55000305175781,123.477783203125,1504300.0
2022-06-15,123.80000305175781,125.6500015258789,120.93000030517578,124.12000274658203,124.04744720458984,1631900.0
2022-06-16,121.19000244140625,122.33000183105469,113.87000274658203,114.7300033569336,114.6629409790039,2132700.0
2022-06-17,113.87000274658203,116.83000183105469,112.86000061035156,113.8499984741211,113.783447265625,2049000.0
2022-06-21,116.19000244140625,120.69999694824219,115.4800033569336,119.2300033569336,119.16030883789062,1338300.0
2022-06-22,116.91000366210938,120.16999816894531,116.69999694824219,118.86000061035156,118.79051971435547,1119100.0
2022-06-23,119.16999816894531,121.48999786376953,116.55999755859375,120.76000213623047,120.68941497802734,1472000.0
2022-06-24,122.0,126.56999969482422,121.52999877929688,125.9800033569336,125.90636444091797,2702700.0
2022-06-27,126.91000366210938,128.27999877929688,125.18000030517578,127.91000366210938,127.83523559570312,1214700.0
2022-06-28,128.4499969482422,129.86000061035156,123.79000091552734,124.0999984741211,124.02745819091797,888300.0
2022-06-29,124.33000183105469,124.5999984741211,117.95999908447266,119.75,119.68000030517578,1727100.0
2022-06-30,117.52999877929688,125.47000122070312,117.52999877929688,125.33999633789062,125.33999633789062,1493100.0
2022-07-01,125.20999908447266,127.7699966430664,122.1500015258789,126.13999938964844,126.13999938964844,1036100.0
2022-07-05,124.08999633789062,127.58999633789062,121.75,127.25,127.25,1297300.0
2022-07-06,126.77999877929688,128.0,123.05999755859375,126.29000091552734,126.29000091552734,1048100.0
2022-07-07,127.75,132.52000427246094,126.80999755859375,132.25,132.25,981300.0
2022-07-08,132.24000549316406,133.5800018310547,130.39999389648438,131.9499969482422,131.9499969482422,882800.0
2022-07-11,130.72000122070312,132.0,130.22999572753906,131.14999389648438,131.14999389648438,589100.0
2022-07-12,129.85000610351562,131.1999969482422,126.87999725341797,127.72000122070312,127.72000122070312,985400.0
2022-07-13,126.13999938964844,129.50999450683594,125.16000366210938,127.9000015258789,127.9000015258789,985900.0
2022-07-14,125.7699966430664,128.19000244140625,124.51000213623047,128.0399932861328,128.0399932861328,888500.0
2022-07-15,130.16000366210938,130.16000366210938,120.38999938964844,128.00999450683594,128.00999450683594,1401400.0
2022-07-18,128.74000549316406,130.27999877929688,126.7699966430664,126.95999908447266,126.95999908447266,844800.0
2022-07-19,128.14999389648438,131.5500030517578,128.14999389648438,131.11000061035156,131.11000061035156,885300.0
2022-07-20,131.0,133.25999450683594,129.72000122070312,132.3000030517578,132.3000030517578,783100.0
2022-07-21,131.2899932861328,133.22000122070312,130.6199951171875,133.13999938964844,133.13999938964844,547400.0
2022-07-22,133.8000030517578,136.08999633789062,131.58999633789062,133.05999755859375,133.05999755859375,699700.0
2022-07-25,131.8800048828125,133.86000061035156,128.75,133.67999267578125,133.67999267578125,784400.0
2022-07-26,133.9499969482422,135.1699981689453,132.5800018310547,133.27999877929688,133.27999877929688,907300.0
2022-07-27,134.08999633789062,135.16000366210938,133.07000732421875,133.97000122070312,133.97000122070312,1455000.0
2022-07-28,138.1699981689453,145.3800048828125,136.3300018310547,145.2899932861328,145.2899932861328,2590000.0
2022-07-29,146.00999450683594,146.83999633789062,137.99000549316406,138.72999572753906,138.72999572753906,2613400.0
2022-08-01,138.0,139.47000122070312,136.5,138.72000122070312,138.72000122070312,1453700.0
2022-08-02,138.55999755859375,140.10000610351562,136.66000366210938,138.30999755859375,138.30999755859375,940600.0
2022-08-03,139.7100067138672,139.7100067138672,136.11000061035156,137.05999755859375,137.05999755859375,1659600.0
2022-08-04,135.3300018310547,136.11000061035156,131.8000030517578,133.41000366210938,133.41000366210938,1779100.0
2022-08-05,134.16000366210938,138.64999389648438,133.47000122070312,136.91000366210938,136.91000366210938,1287200.0
2022-08-08,137.94000244140625,139.75999450683594,137.17999267578125,137.25999450683594,137.25999450683594,1095600.0
2022-08-09,136.83999633789062,137.9199981689453,135.5800018310547,135.83999633789062,135.83999633789062,654300.0
2022-08-10,137.7899932861328,140.52999877929688,137.55999755859375,140.25,140.25,1187900.0
2022-08-11,142.07000732421875,142.74000549316406,140.75999450683594,141.25,141.25,888000.0
2022-08-12,141.36000061035156,143.6300048828125,141.00999450683594,143.4600067138672,143.4600067138672,790800.0
2022-08-15,142.14999389648438,143.4600067138672,141.32000732421875,142.97000122070312,142.97000122070312,624900.0
2022-08-16,142.72999572753906,144.07000732421875,142.05999755859375,142.42999267578125,142.42999267578125,912100.0
2022-08-17,141.25,144.22999572753906,140.4199981689453,144.1199951171875,144.1199951171875,1077900.0
2022-08-18,145.02999877929688,146.3000030517578,143.64999389648438,144.47999572753906,144.47999572753906,573600.0
2022-08-19,143.55999755859375,144.0,141.7899932861328,142.02000427246094,142.02000427246094,728500.0
2022-08-22,139.82000732421875,142.35000610351562,138.9199981689453,140.00999450683594,140.00999450683594,652300.0
2022-08-23,140.52000427246094,143.00999450683594,140.16000366210938,141.22000122070312,141.22000122070312,725700.0
2022-08-24,141.6999969482422,145.52000427246094,141.6999969482422,145.11000061035156,145.11000061035156,731800.0
2022-08-25,146.3699951171875,149.3300018310547,146.13999938964844,147.75,147.75,863400.0
2022-08-26,148.2100067138672,148.2100067138672,143.9600067138672,144.6300048828125,144.6300048828125,982800.0
2022-08-29,143.0,146.6300048828125,142.3000030517578,144.8699951171875,144.8699951171875,654300.0
2022-08-30,146.1699981689453,146.66000366210938,139.7100067138672,140.75999450683594,140.75999450683594,758600.0
2022-08-31,140.6699981689453,142.05999755859375,139.9499969482422,141.3000030517578,141.3000030517578,1415200.0
2022-09-01,140.4600067138672,141.3699951171875,137.02000427246094,139.10000610351562,139.10000610351562,1328300.0
2022-09-02,141.35000610351562,144.67999267578125,140.10000610351562,140.60000610351562,140.60000610351562,790300.0
2022-09-06,140.38999938964844,141.67999267578125,138.50999450683594,140.25999450683594,140.25999450683594,889900.0
2022-09-07,140.1300048828125,142.60000610351562,139.22999572753906,142.42999267578125,142.42999267578125,886700.0
2022-09-08,141.97000122070312,146.66000366210938,141.1199951171875,146.61000061035156,146.61000061035156,990600.0
