Date,Open,High,Low,Close,Adj Close,Volume
2020-01-02,22.15999984741211,22.393333435058594,22.059999465942383,22.226667404174805,21.566543579101562,2978700
2020-01-03,21.99333381652832,22.17333221435547,21.84000015258789,22.15333366394043,21.49538803100586,1647300
2020-01-06,22.059999465942383,22.19333267211914,21.866666793823242,22.15333366394043,21.49538803100586,1316550
2020-01-07,22.106666564941406,22.266666412353516,21.933332443237305,22.166667938232422,21.50832748413086,2470050
2020-01-08,22.14666748046875,22.226667404174805,21.99333381652832,22.14666748046875,21.488916397094727,1995150
2020-01-09,22.18666648864746,22.586666107177734,22.14666748046875,22.5,21.831758499145508,1707000
2020-01-10,22.540000915527344,23.440000534057617,22.46666717529297,23.15333366394043,22.465688705444336,5502750
2020-01-13,23.15999984741211,23.393333435058594,23.15999984741211,23.31999969482422,22.627405166625977,1654500
2020-01-14,23.266666412353516,23.49333381652832,23.219999313354492,23.366666793823242,22.672685623168945,2960400
2020-01-15,23.386667251586914,23.52666664123535,23.31999969482422,23.49333381652832,22.795591354370117,1691550
2020-01-16,23.52666664123535,23.81999969482422,23.50666618347168,23.760000228881836,23.05433464050293,2113350
2020-01-17,23.85333251953125,23.97333335876465,23.773332595825195,23.906667709350586,23.196651458740234,2268600
2020-01-21,23.893333435058594,24.053333282470703,23.733333587646484,23.926666259765625,23.21605110168457,2556750
2020-01-22,24.02666664123535,24.200000762939453,23.97333335876465,24.053333282470703,23.338956832885742,1683600
2020-01-23,24.01333236694336,24.440000534057617,23.933332443237305,24.406667709350586,23.681795120239258,1600800
2020-01-24,24.453332901000977,24.606666564941406,24.273332595825195,24.406667709350586,23.681795120239258,2704800
2020-01-27,24.066667556762695,24.293333053588867,23.920000076293945,24.15999984741211,23.442453384399414,2022300
2020-01-28,24.286666870117188,24.49333381652832,24.219999313354492,24.48666763305664,23.759422302246094,2283750
2020-01-29,24.639999389648438,25.393333435058594,24.573333740234375,25.200000762939453,24.451568603515625,5422350
2020-01-30,25.17333221435547,25.49333381652832,25.00666618347168,25.479999542236328,24.723249435424805,2757450
2020-01-31,25.47333335876465,25.65999984741211,25.213333129882812,25.299999237060547,24.548599243164062,2701200
2020-02-03,25.333332061767578,25.959999084472656,25.31999969482422,25.65333366394043,24.89143943786621,3242550
2020-02-04,25.926666259765625,26.18000030517578,25.80666732788086,25.98666763305664,25.214872360229492,1597950
2020-02-05,26.213333129882812,26.32666778564453,25.893333435058594,25.98666763305664,25.214872360229492,1534050
2020-02-06,26.01333236694336,26.226667404174805,25.84666633605957,26.219999313354492,25.441274642944336,1768800
2020-02-07,26.126667022705078,26.15999984741211,25.68000030517578,25.726667404174805,25.038991928100586,1656000
2020-02-10,25.706666946411133,26.02666664123535,25.566667556762695,25.979999542236328,25.28554916381836,1005000
2020-02-11,26.053333282470703,26.373332977294922,25.933332443237305,26.333332061767578,25.629440307617188,1930050
2020-02-12,26.34000015258789,26.726667404174805,26.246667861938477,26.440000534057617,25.733257293701172,1711050
2020-02-13,26.333332061767578,26.64666748046875,26.266666412353516,26.540000915527344,25.830585479736328,871350
2020-02-14,26.586666107177734,26.766666412353516,26.48666763305664,26.546667098999023,25.83707046508789,815100
2020-02-18,26.51333236694336,26.53333282470703,26.233333587646484,26.266666412353516,25.56455421447754,1758000
2020-02-19,26.34666633605957,26.600000381469727,26.34666633605957,26.479999542236328,25.772186279296875,1067850
2020-02-20,26.453332901000977,26.713333129882812,26.35333251953125,26.64666748046875,25.934398651123047,1171800
2020-02-21,26.546667098999023,26.979999542236328,26.446666717529297,26.953332901000977,26.23287010192871,984150
2020-02-24,26.260000228881836,26.886667251586914,26.260000228881836,26.440000534057617,25.733257293701172,1747350
2020-02-25,26.46666717529297,26.559999465942383,25.739999771118164,25.773332595825195,25.084407806396484,1218300
2020-02-26,25.920000076293945,26.373332977294922,25.766666412353516,25.913333892822266,25.22066879272461,1432350
2020-02-27,25.579999923706055,25.99333381652832,25.100000381469727,25.106666564941406,24.435562133789062,1707600
2020-02-28,24.566667556762695,25.086666107177734,24.18000030517578,24.959999084472656,24.292818069458008,3349800
2020-03-02,25.02666664123535,26.1200008392334,24.626667022705078,26.073333740234375,25.376392364501953,3286050
2020-03-03,26.113332748413086,26.600000381469727,25.18000030517578,25.426666259765625,24.74700927734375,1642500
2020-03-04,25.940000534057617,26.733333587646484,25.766666412353516,26.719999313354492,26.005769729614258,1554750
2020-03-05,26.19333267211914,27.246667861938477,25.98666763305664,27.14666748046875,26.421031951904297,2376750
2020-03-06,26.586666107177734,26.97333335876465,25.706666946411133,26.5,25.791654586791992,2379300
2020-03-09,24.979999542236328,26.14666748046875,24.979999542236328,25.520000457763672,24.837848663330078,2218950
2020-03-10,26.106666564941406,26.920000076293945,25.81999969482422,26.899999618530273,26.18096160888672,2473500
2020-03-11,26.299999237060547,26.479999542236328,25.299999237060547,25.6200008392334,24.935176849365234,2064600
2020-03-12,23.99333381652832,25.399999618530273,22.719999313354492,22.913333892822266,22.300859451293945,3073350
2020-03-13,23.69333267211914,25.213333129882812,23.1200008392334,25.213333129882812,24.539377212524414,3148500
2020-03-16,23.30666732788086,24.586666107177734,22.040000915527344,23.833332061767578,23.196266174316406,2841450
2020-03-17,24.286666870117188,25.65999984741211,23.600000381469727,25.406667709350586,24.72754669189453,6031950
2020-03-18,23.933332443237305,24.81999969482422,23.69333267211914,24.68000030517578,24.020301818847656,4975200
2020-03-19,24.746667861938477,24.746667861938477,23.299999237060547,23.733333587646484,23.098939895629883,3336150
2020-03-20,23.933332443237305,24.126667022705078,22.860000610351562,23.333332061767578,22.70962905883789,5031450
2020-03-23,23.0,23.18666648864746,20.766666412353516,21.046667098999023,20.484085083007812,2560350
2020-03-24,21.739999771118164,23.18666648864746,21.579999923706055,22.540000915527344,21.937503814697266,2827800
2020-03-25,22.35333251953125,22.440000534057617,20.479999542236328,21.726667404174805,21.145912170410156,3593850
2020-03-26,21.899999618530273,22.67333221435547,21.46666717529297,22.459999084472656,21.85964012145996,2903700
2020-03-27,21.84666633605957,23.47333335876465,21.84666633605957,22.84000015258789,22.2294864654541,3028500
2020-03-30,23.293333053588867,24.546667098999023,23.03333282470703,23.893333435058594,23.254661560058594,4344750
2020-03-31,23.926666259765625,25.14666748046875,23.553333282470703,24.093332290649414,23.449310302734375,5964750
2020-04-01,23.46666717529297,23.80666732788086,22.586666107177734,23.440000534057617,22.813446044921875,2704650
2020-04-02,22.8799991607666,23.84666633605957,22.68000030517578,23.786666870117188,23.150848388671875,2916450
2020-04-03,23.546667098999023,24.48666763305664,23.546667098999023,24.03333282470703,23.39092254638672,2142900
2020-04-06,24.586666107177734,24.96666717529297,23.899999618530273,24.799999237060547,24.13709259033203,2659950
2020-04-07,24.959999084472656,25.15999984741211,23.933332443237305,23.959999084472656,23.319547653198242,1642200
2020-04-08,24.059999465942383,24.219999313354492,23.520000457763672,23.940000534057617,23.300081253051758,1173150
2020-04-09,23.96666717529297,24.299999237060547,23.84666633605957,24.01333236694336,23.37145233154297,2362950
2020-04-13,23.81999969482422,24.239999771118164,23.02666664123535,23.913333892822266,23.274126052856445,1205700
2020-04-14,24.360000610351562,25.18666648864746,24.113332748413086,25.053333282470703,24.383655548095703,1713000
2020-04-15,24.84000015258789,25.139999389648438,24.47333335876465,24.566667556762695,23.90999984741211,945450
2020-04-16,24.64666748046875,25.600000381469727,24.64666748046875,25.559999465942383,24.87677574157715,1864050
2020-04-17,26.020000457763672,26.366666793823242,25.719999313354492,25.97333335876465,25.27906608581543,1659750
2020-04-20,25.959999084472656,25.959999084472656,25.280000686645508,25.31999969482422,24.6431941986084,1825050
2020-04-21,25.200000762939453,25.200000762939453,24.459999084472656,24.706666946411133,24.04625129699707,1397550
2020-04-22,24.940000534057617,25.31333351135254,24.559999465942383,25.133333206176758,24.461517333984375,1369200
2020-04-23,25.086666107177734,25.286666870117188,24.893333435058594,25.03333282470703,24.364187240600586,1421850
2020-04-24,25.219999313354492,25.52666664123535,24.940000534057617,25.426666259765625,24.74700927734375,2697450
2020-04-27,25.613332748413086,26.446666717529297,25.546667098999023,26.32666778564453,25.622953414916992,2170050
2020-04-28,26.31999969482422,27.260000228881836,26.299999237060547,27.1200008392334,26.39508056640625,3357750
2020-04-29,27.253332138061523,27.293333053588867,26.020000457763672,26.739999771118164,26.025236129760742,2893800
2020-04-30,26.420000076293945,26.719999313354492,25.82666778564453,26.666667938232422,25.9538631439209,2675850
2020-05-01,26.30666732788086,26.766666412353516,26.113332748413086,26.666667938232422,25.9538631439209,1608600
2020-05-04,26.626667022705078,27.206666946411133,26.453332901000977,27.1200008392334,26.39508056640625,1714200
2020-05-05,27.333332061767578,27.886667251586914,27.293333053588867,27.626667022705078,26.888202667236328,2066250
2020-05-06,27.719999313354492,27.940000534057617,27.520000457763672,27.559999465942383,26.823318481445312,1227600
2020-05-07,27.886667251586914,27.99333381652832,27.540000915527344,27.80666732788086,27.063390731811523,1756200
2020-05-08,28.0,28.31999969482422,27.873332977294922,28.19333267211914,27.492454528808594,1571250
2020-05-11,28.246667861938477,28.53333282470703,28.053333282470703,28.299999237060547,27.596467971801758,1924050
2020-05-12,28.35333251953125,28.459999084472656,27.3799991607666,27.440000534057617,26.75784683227539,3057150
2020-05-13,27.386667251586914,27.713333129882812,26.50666618347168,26.69333267211914,26.029741287231445,3942450
2020-05-14,26.47333335876465,26.84000015258789,25.84000015258789,26.84000015258789,26.172765731811523,5062950
2020-05-15,26.726667404174805,27.200000762939453,26.47333335876465,26.666667938232422,26.003740310668945,10401300
2020-05-18,27.253332138061523,27.333332061767578,26.15999984741211,26.273332595825195,25.62018394470215,5233950
2020-05-19,26.18666648864746,26.639999389648438,26.040000915527344,26.133333206176758,25.48366355895996,3070800
2020-05-20,26.64666748046875,26.64666748046875,25.780000686645508,26.079999923706055,25.431657791137695,2216400
2020-05-21,25.97333335876465,26.133333206176758,25.719999313354492,25.760000228881836,25.119611740112305,1473450
2020-05-22,25.746667861938477,25.899999618530273,25.520000457763672,25.81999969482422,25.178117752075195,1572750
2020-05-26,26.086666107177734,26.266666412353516,25.85333251953125,25.99333381652832,25.347145080566406,1960650
2020-05-27,26.03333282470703,26.48666763305664,25.68666648864746,26.479999542236328,25.821712493896484,1895250
2020-05-28,26.67333221435547,27.040000915527344,26.633333206176758,26.719999313354492,26.05574607849121,2510250
2020-05-29,26.666667938232422,27.926666259765625,26.566667556762695,27.866666793823242,27.173908233642578,5325750
2020-06-01,27.959999084472656,28.453332901000977,27.8799991607666,28.14666748046875,27.44694709777832,2388000
2020-06-02,28.293333053588867,28.639999389648438,27.926666259765625,28.600000381469727,27.889009475708008,2547000
2020-06-03,28.780000686645508,29.866666793823242,28.446666717529297,29.739999771118164,29.000669479370117,2686800
2020-06-04,29.51333236694336,31.299999237060547,27.84000015258789,29.01333236694336,28.292070388793945,8083050
2020-06-05,29.18666648864746,29.260000228881836,28.246667861938477,28.953332901000977,28.23356056213379,3662100
2020-06-08,28.706666946411133,29.726667404174805,28.65333366394043,29.713333129882812,28.97466468811035,1879950
2020-06-09,29.459999084472656,29.67333221435547,28.833332061767578,29.0,28.27906608581543,1556250
2020-06-10,29.126667022705078,29.420000076293945,28.700000762939453,28.98666763305664,28.26606559753418,1421550
2020-06-11,28.5,28.920000076293945,27.920000076293945,28.020000457763672,27.323427200317383,1524600
2020-06-12,28.479999542236328,28.49333381652832,27.226667404174805,27.606666564941406,26.920372009277344,1157550
2020-06-15,27.206666946411133,28.100000381469727,27.020000457763672,27.96666717529297,27.271421432495117,1028250
2020-06-16,28.520000457763672,28.700000762939453,28.03333282470703,28.246667861938477,27.544462203979492,1316400
2020-06-17,28.286666870117188,28.559999465942383,28.126667022705078,28.239999771118164,27.537961959838867,921450
2020-06-18,28.18666648864746,28.399999618530273,28.020000457763672,28.239999771118164,27.537961959838867,772350
2020-06-19,28.600000381469727,28.713333129882812,27.726667404174805,27.899999618530273,27.206411361694336,1813650
2020-06-22,27.899999618530273,28.0,27.700000762939453,27.946666717529297,27.251922607421875,878100
2020-06-23,28.233333587646484,28.233333587646484,27.739999771118164,27.793333053588867,27.102401733398438,762750
2020-06-24,27.666667938232422,27.860000610351562,27.30666732788086,27.399999618530273,26.718843460083008,1109850
2020-06-25,27.413333892822266,27.873332977294922,27.086666107177734,27.833332061767578,27.141401290893555,1553400
2020-06-26,27.926666259765625,28.15333366394043,27.5,27.52666664123535,26.842361450195312,3168000
2020-06-29,27.906667709350586,27.99333381652832,27.566667556762695,27.753332138061523,27.06338882446289,1083000
2020-06-30,27.84000015258789,28.34666633605957,27.773332595825195,28.260000228881836,27.55746078491211,1861950
2020-07-01,28.399999618530273,28.733333587646484,28.273332595825195,28.51333236694336,27.80449676513672,1577550
2020-07-02,28.67333221435547,28.899999618530273,28.520000457763672,28.706666946411133,27.993026733398438,924900
2020-07-06,28.953332901000977,29.133333206176758,28.406667709350586,28.5,27.791494369506836,1642950
2020-07-07,29.333332061767578,30.913333892822266,28.81333351135254,30.413333892822266,29.657264709472656,3475950
2020-07-08,30.266666412353516,30.433332443237305,29.906667709350586,29.97333335876465,29.22820472717285,2010150
2020-07-09,29.979999542236328,30.940000534057617,29.979999542236328,30.52666664123535,29.76778221130371,1886700
2020-07-10,30.52666664123535,30.546667098999023,29.920000076293945,29.933332443237305,29.189197540283203,1595550
2020-07-13,29.97333335876465,30.393333435058594,29.586666107177734,29.639999389648438,28.903154373168945,1209150
2020-07-14,29.633333206176758,30.246667861938477,29.48666763305664,30.233333587646484,29.481740951538086,1494150
2020-07-15,30.50666618347168,31.520000457763672,30.393333435058594,31.406667709350586,30.625905990600586,1714350
2020-07-16,31.440000534057617,31.540000915527344,31.166667938232422,31.333332061767578,30.554391860961914,868950
2020-07-17,31.520000457763672,31.97333335876465,31.453332901000977,31.85333251953125,31.06146812438965,2038950
2020-07-20,31.753332138061523,32.220001220703125,31.69333267211914,31.85333251953125,31.06146812438965,1091250
2020-07-21,31.96666717529297,32.08000183105469,31.579999923706055,31.713333129882812,30.92494773864746,1668600
2020-07-22,31.946666717529297,32.5533332824707,31.780000686645508,32.4466667175293,31.640050888061523,1006950
2020-07-23,32.52000045776367,33.03333282470703,32.43333435058594,32.50666809082031,31.698556900024414,1009950
2020-07-24,32.49333190917969,32.633331298828125,32.31999969482422,32.45333480834961,31.64655303955078,1245150
2020-07-27,32.77333450317383,32.959999084472656,32.64666748046875,32.85333251953125,32.03661346435547,1379250
2020-07-28,32.71333312988281,32.880001068115234,32.5533332824707,32.56666564941406,31.757064819335938,1303200
2020-07-29,32.720001220703125,34.61333465576172,32.720001220703125,34.16666793823242,33.31729507446289,2597250
2020-07-30,34.060001373291016,34.46666717529297,33.720001220703125,34.41999816894531,33.56432342529297,1239750
2020-07-31,34.41999816894531,34.96666717529297,34.30666732788086,34.93333435058594,34.06489944458008,1755750
2020-08-03,35.20000076293945,35.779998779296875,35.14666748046875,35.293331146240234,34.41594314575195,1735950
2020-08-04,35.18000030517578,35.766666412353516,35.16666793823242,35.66666793823242,34.780006408691406,1333200
2020-08-05,35.880001068115234,36.220001220703125,35.59333419799805,35.93333435058594,35.0400390625,1201350
2020-08-06,35.880001068115234,35.939998626708984,35.47999954223633,35.753334045410156,34.86451721191406,1709250
2020-08-07,35.78666687011719,36.573333740234375,35.70000076293945,36.573333740234375,35.717403411865234,1574250
2020-08-10,36.41999816894531,36.7400016784668,35.959999084472656,36.52000045776367,35.665321350097656,1217400
2020-08-11,36.5,36.753334045410156,36.08000183105469,36.16666793823242,35.32025909423828,1789200
2020-08-12,36.21333312988281,36.599998474121094,36.18000030517578,36.36000061035156,35.509071350097656,1280700
2020-08-13,36.30666732788086,36.95333480834961,36.03333282470703,36.66666793823242,35.80855941772461,910500
2020-08-14,36.6533317565918,36.720001220703125,36.313331604003906,36.48666763305664,35.63276672363281,795300
2020-08-17,36.573333740234375,36.959999084472656,36.48666763305664,36.58000183105469,35.72392272949219,1260900
2020-08-18,36.54666519165039,36.68000030517578,36.246665954589844,36.3466682434082,35.49604415893555,1157400
2020-08-19,36.50666809082031,36.58000183105469,36.086666107177734,36.2400016784668,35.39188003540039,734100
2020-08-20,36.16666793823242,36.64666748046875,36.09333419799805,36.560001373291016,35.70439147949219,875400
2020-08-21,36.59333419799805,36.7599983215332,36.393333435058594,36.62666702270508,35.76949691772461,1332300
2020-08-24,36.78666687011719,36.96666717529297,36.56666564941406,36.86000061035156,35.99736785888672,780000
2020-08-25,36.939998626708984,36.939998626708984,36.366668701171875,36.48666763305664,35.63276672363281,1017300
2020-08-26,36.47999954223633,37.426666259765625,36.32666778564453,37.27333450317383,36.401023864746094,912750
2020-08-27,37.43333435058594,37.67333221435547,36.78666687011719,36.78666687011719,35.92574691772461,1034700
2020-08-28,36.79999923706055,36.99333190917969,36.58000183105469,36.68000030517578,35.82157897949219,1214100
2020-08-31,36.753334045410156,36.959999084472656,36.633331298828125,36.7599983215332,35.89970779418945,1834200
2020-09-01,36.77333450317383,37.3466682434082,36.633331298828125,37.14666748046875,36.27732467651367,1717650
2020-09-02,37.30666732788086,38.106666564941406,37.0533332824707,37.98666763305664,37.09766387939453,1565250
2020-09-03,37.78666687011719,37.793331146240234,36.106666564941406,36.35333251953125,35.502559661865234,1422450
2020-09-04,36.3466682434082,36.71333312988281,35.866668701171875,36.393333435058594,35.541622161865234,1707900
2020-09-08,36.2400016784668,36.34000015258789,35.720001220703125,35.900001525878906,35.05982971191406,2602500
2020-09-09,36.29999923706055,37.119998931884766,36.29999923706055,37.00666809082031,36.14060592651367,2061150
2020-09-10,37.06666564941406,37.2599983215332,36.040000915527344,36.060001373291016,35.216087341308594,1893150
2020-09-11,36.33333206176758,36.46666717529297,35.880001068115234,36.08000183105469,35.23561477661133,1400700
2020-09-14,36.253334045410156,36.526668548583984,36.01333236694336,36.19333267211914,35.34629440307617,1668600
2020-09-15,36.2400016784668,36.8466682434082,36.22666549682617,36.52000045776367,35.665321350097656,1631700
2020-09-16,36.573333740234375,36.706668853759766,35.633331298828125,35.733333587646484,34.89706802368164,1390500
2020-09-17,35.4466667175293,35.893333435058594,35.133331298828125,35.746665954589844,34.91008377075195,1503150
2020-09-18,35.66666793823242,36.22666549682617,34.866668701171875,34.9466667175293,34.128807067871094,4317450
2020-09-21,34.84000015258789,35.00666809082031,34.38666534423828,34.893333435058594,34.076725006103516,1655550
2020-09-22,34.880001068115234,35.37333297729492,34.813331604003906,35.266666412353516,34.44131851196289,1133400
2020-09-23,35.2400016784668,35.61333465576172,34.746665954589844,34.866668701171875,34.05068588256836,1282950
2020-09-24,35.060001373291016,35.53333282470703,34.753334045410156,35.29999923706055,34.47386932373047,895650
2020-09-25,35.09333419799805,35.893333435058594,35.09333419799805,35.766666412353516,34.92961883544922,1273950
2020-09-28,36.11333465576172,36.779998779296875,36.11333465576172,36.439998626708984,35.58719253540039,1075800
2020-09-29,36.43333435058594,36.66666793823242,36.31999969482422,36.33333206176758,35.48302459716797,981900
2020-09-30,36.5,36.59333419799805,35.913333892822266,36.12666702270508,35.28119659423828,2076150
2020-10-01,36.41999816894531,36.5,35.68000030517578,35.87333297729492,35.03378677368164,1363350
2020-10-02,35.606666564941406,36.70000076293945,35.54666519165039,36.313331604003906,35.46348571777344,1012800
2020-10-05,36.380001068115234,37.19333267211914,36.36000061035156,37.119998931884766,36.25128173828125,2379750
2020-10-06,37.106666564941406,37.97999954223633,36.67333221435547,37.33333206176758,36.45962142944336,1684350
2020-10-07,37.619998931884766,38.233333587646484,37.54666519165039,38.073333740234375,37.182308197021484,1596300
2020-10-08,38.1533317565918,38.21333312988281,37.70000076293945,38.01333236694336,37.12370300292969,733500
2020-10-09,38.233333587646484,38.35333251953125,37.793331146240234,38.313331604003906,37.41667938232422,898650
2020-10-12,38.45333480834961,38.98666763305664,38.34000015258789,38.9466667175293,38.03520202636719,1252800
2020-10-13,38.866668701171875,39.29999923706055,38.746665954589844,39.15999984741211,38.24353790283203,925200
2020-10-14,39.11333465576172,39.4466667175293,38.87333297729492,39.19333267211914,38.276092529296875,801750
2020-10-15,38.96666717529297,39.95333480834961,38.720001220703125,39.64666748046875,38.718814849853516,2472750
2020-10-16,39.813331604003906,40.47999954223633,39.70000076293945,39.8466682434082,38.91413497924805,1500000
2020-10-19,39.79999923706055,40.2400016784668,39.1533317565918,39.47999954223633,38.55604934692383,1716000
2020-10-20,39.62666702270508,40.31999969482422,39.599998474121094,39.83333206176758,38.90111541748047,1170750
2020-10-21,39.93333435058594,40.06666564941406,39.413333892822266,39.473331451416016,38.54953384399414,981600
2020-10-22,39.58000183105469,39.80666732788086,39.20000076293945,39.633331298828125,38.70579528808594,1317900
2020-10-23,39.65999984741211,40.35333251953125,39.47999954223633,40.133331298828125,39.194087982177734,1137900
2020-10-26,39.939998626708984,39.939998626708984,39.35333251953125,39.66666793823242,38.73834991455078,1679100
2020-10-27,39.77333450317383,39.893333435058594,39.293331146240234,39.526668548583984,38.60162353515625,1466250
2020-10-28,38.880001068115234,41.619998931884766,38.119998931884766,40.90666580200195,39.9493293762207,3656100
2020-10-29,41.14666748046875,41.14666748046875,39.46666717529297,39.46666717529297,38.54302978515625,3349950
2020-10-30,39.2599983215332,39.426666259765625,38.206668853759766,38.56666564941406,37.664093017578125,2415750
2020-11-02,38.78666687011719,39.293331146240234,38.586666107177734,38.766666412353516,37.85940933227539,2150100
2020-11-03,39.11333465576172,39.70000076293945,39.00666809082031,39.61333465576172,38.68626403808594,1962150
2020-11-04,39.78666687011719,41.2400016784668,39.573333740234375,40.88666534423828,39.92979431152344,1592400
2020-11-05,41.35333251953125,42.560001373291016,41.33333206176758,42.19333267211914,41.20588302612305,1665600
2020-11-06,42.2400016784668,42.586666107177734,41.93333435058594,42.106666564941406,41.121246337890625,939450
2020-11-09,42.633331298828125,43.0,37.959999084472656,37.959999084472656,37.195289611816406,2544450
2020-11-10,37.973331451416016,38.58000183105469,37.459999084472656,37.87333297729492,37.11037063598633,1852500
2020-11-11,38.06666564941406,39.753334045410156,37.926666259765625,39.59333419799805,38.79571533203125,1527900
2020-11-12,39.68000030517578,39.959999084472656,38.85333251953125,39.026668548583984,38.2404670715332,807750
2020-11-13,39.19333267211914,39.56666564941406,38.766666412353516,39.220001220703125,38.429908752441406,876900
2020-11-16,39.08000183105469,39.439998626708984,37.90666580200195,39.28666687011719,38.49523162841797,1276050
2020-11-17,39.16666793823242,39.70000076293945,38.459999084472656,38.66666793823242,37.88772201538086,1157250
2020-11-18,38.686668395996094,39.106666564941406,38.34000015258789,38.426666259765625,37.65255355834961,1243050
2020-11-19,38.67333221435547,39.30666732788086,38.220001220703125,39.133331298828125,38.34498596191406,1449150
2020-11-20,39.266666412353516,39.279998779296875,38.32666778564453,38.413333892822266,37.63949203491211,1353600
2020-11-23,38.633331298828125,38.766666412353516,37.813331604003906,38.0533332824707,37.286746978759766,1491600
2020-11-24,38.12666702270508,38.16666793823242,37.59333419799805,37.686668395996094,36.927459716796875,2351850
2020-11-25,37.686668395996094,38.00666809082031,37.1533317565918,37.293331146240234,36.54205322265625,1687650
2020-11-27,37.40666580200195,38.03333282470703,37.099998474121094,38.02000045776367,37.254085540771484,738000
2020-11-30,38.11333465576172,38.313331604003906,37.573333740234375,38.119998931884766,37.35206604003906,5461200
2020-12-01,37.959999084472656,38.779998779296875,37.913333892822266,38.36000061035156,37.58723449707031,1936650
2020-12-02,38.36000061035156,38.36000061035156,36.766666412353516,36.77333450317383,36.03253173828125,1429950
2020-12-03,36.65999984741211,37.3466682434082,36.65999984741211,36.766666412353516,36.025997161865234,1442400
2020-12-04,36.7599983215332,37.41999816894531,36.7599983215332,37.03333282470703,36.287288665771484,1101000
2020-12-07,37.03333282470703,37.606666564941406,36.866668701171875,37.34000015258789,36.58778762817383,1013550
2020-12-08,37.206668853759766,37.77333450317383,36.926666259765625,37.66666793823242,36.90787124633789,1837800
2020-12-09,37.779998779296875,38.01333236694336,36.33333206176758,36.37333297729492,35.640586853027344,1624350
2020-12-10,36.33333206176758,36.56666564941406,35.880001068115234,36.09333419799805,35.366233825683594,1430400
2020-12-11,36.2599983215332,37.150001525878906,35.9900016784668,36.66999816894531,35.931278228759766,1706800
2020-12-14,36.66999816894531,38.61000061035156,36.52000045776367,38.459999084472656,37.68522262573242,2180900
2020-12-15,38.7400016784668,39.38999938964844,38.20000076293945,38.93000030517578,38.145751953125,1538900
2020-12-16,39.11000061035156,39.88999938964844,39.060001373291016,39.20000076293945,38.41031265258789,1489700
2020-12-17,39.290000915527344,40.2599983215332,39.130001068115234,40.209999084472656,39.399967193603516,1488500
2020-12-18,40.18000030517578,40.91999816894531,39.97999954223633,40.599998474121094,39.782108306884766,4273600
2020-12-21,40.0099983215332,40.2400016784668,38.810001373291016,39.77000045776367,38.96883010864258,1658300
2020-12-22,39.86000061035156,40.939998626708984,39.77000045776367,40.849998474121094,40.02707290649414,1141000
2020-12-23,40.959999084472656,41.220001220703125,39.810001373291016,39.84000015258789,39.037418365478516,932900
2020-12-24,40.0099983215332,40.40999984741211,39.84000015258789,40.04999923706055,39.24318313598633,412000
2020-12-28,40.2400016784668,40.25,38.540000915527344,38.810001373291016,38.028175354003906,1315300
2020-12-29,39.04999923706055,39.13999938964844,37.939998626708984,38.119998931884766,37.35206604003906,1187100
2020-12-30,37.88999938964844,38.619998931884766,37.869998931884766,38.25,37.47945022583008,1059900
2020-12-31,38.27000045776367,39.130001068115234,37.849998474121094,39.06999969482422,38.282928466796875,2936500
2021-01-04,39.310001373291016,39.97999954223633,38.02000045776367,38.2400016784668,37.46965026855469,1628500
2021-01-05,38.06999969482422,38.939998626708984,38.02000045776367,38.869998931884766,38.08695983886719,1352200
2021-01-06,38.58000183105469,39.84000015258789,38.27000045776367,39.5099983215332,38.71406555175781,1378500
2021-01-07,39.650001525878906,40.2599983215332,39.400001525878906,40.16999816894531,39.36076354980469,1238100
2021-01-08,40.27000045776367,40.86000061035156,40.150001525878906,40.79999923706055,39.97808074951172,1179900
2021-01-11,40.5,41.22999954223633,40.5,40.90999984741211,40.08586502075195,797000
2021-01-12,41.0,41.7599983215332,40.900001525878906,41.5099983215332,40.67377471923828,981500
2021-01-13,41.83000183105469,41.83000183105469,39.810001373291016,39.86000061035156,39.05701446533203,1228200
2021-01-14,39.790000915527344,39.790000915527344,37.380001068115234,37.470001220703125,36.71516418457031,1741200
2021-01-15,37.470001220703125,38.0,37.02000045776367,37.2400016784668,36.48979568481445,2153100
2021-01-19,37.470001220703125,37.650001525878906,36.470001220703125,36.86000061035156,36.11745071411133,1671500
2021-01-20,37.0,37.959999084472656,36.619998931884766,37.7599983215332,36.99931716918945,1295300
2021-01-21,37.61000061035156,37.86000061035156,37.04999923706055,37.20000076293945,36.45060348510742,1161400
2021-01-22,37.209999084472656,37.279998779296875,36.2599983215332,37.02000045776367,36.27423095703125,1605600
2021-01-25,36.939998626708984,37.189998626708984,36.380001068115234,37.150001525878906,36.401615142822266,1474800
2021-01-26,37.2400016784668,37.36000061035156,35.689998626708984,37.040000915527344,36.293827056884766,2122600
2021-01-27,36.40999984741211,36.689998626708984,34.09000015258789,34.95000076293945,34.24592971801758,3657400
2021-01-28,35.29999923706055,36.400001525878906,34.650001525878906,35.97999954223633,35.25517272949219,1899200
2021-01-29,35.880001068115234,36.5099983215332,35.7400016784668,36.02000045776367,35.294376373291016,2705200
2021-02-01,36.59000015258789,36.75,35.88999938964844,36.220001220703125,35.49034118652344,2225900
2021-02-02,36.43000030517578,37.349998474121094,36.31999969482422,37.0,36.25463104248047,1466900
2021-02-03,36.9900016784668,37.470001220703125,36.18000030517578,36.61000061035156,35.87248992919922,1492300
2021-02-04,36.66999816894531,37.290000915527344,36.58000183105469,37.18000030517578,36.43100357055664,1347800
2021-02-05,37.459999084472656,37.599998474121094,37.18000030517578,37.54999923706055,36.793548583984375,1846900
2021-02-08,37.779998779296875,37.95000076293945,36.91999816894531,37.22999954223633,36.47999954223633,1310000
2021-02-09,37.34000015258789,37.97999954223633,37.130001068115234,37.91999816894531,37.236106872558594,1282400
2021-02-10,38.099998474121094,38.2400016784668,37.58000183105469,37.93000030517578,37.24592971801758,1354100
2021-02-11,38.060001373291016,38.31999969482422,37.45000076293945,37.650001525878906,36.970985412597656,1278400
2021-02-12,37.380001068115234,37.65999984741211,37.15999984741211,37.59000015258789,36.91205978393555,909500
2021-02-16,37.58000183105469,37.619998931884766,36.83000183105469,36.84000015258789,36.17559051513672,1384200
2021-02-17,36.65999984741211,36.7599983215332,36.060001373291016,36.599998474121094,35.93991470336914,1024600
2021-02-18,36.400001525878906,36.91999816894531,36.31999969482422,36.560001373291016,35.90064239501953,991800
2021-02-19,36.68000030517578,36.68000030517578,35.7599983215332,35.810001373291016,35.16416549682617,1798400
2021-02-22,35.70000076293945,35.7599983215332,35.0099983215332,35.08000183105469,34.447330474853516,1737400
2021-02-23,35.0,35.540000915527344,34.599998474121094,35.38999938964844,34.751739501953125,1220900
2021-02-24,35.34000015258789,35.88999938964844,34.810001373291016,35.459999084472656,34.82047653198242,1353900
2021-02-25,35.29999923706055,35.75,33.86000061035156,34.0,33.38680648803711,1473000
2021-02-26,34.040000915527344,34.18000030517578,33.130001068115234,33.16999816894531,32.571773529052734,2042400
2021-03-01,33.2599983215332,34.43000030517578,33.2599983215332,34.06999969482422,33.455543518066406,1370600
2021-03-02,34.09000015258789,34.15999984741211,33.41999816894531,33.5,32.89582443237305,1142400
2021-03-03,33.5,33.5,32.45000076293945,32.459999084472656,31.874584197998047,1342000
2021-03-04,32.45000076293945,32.779998779296875,31.579999923706055,31.899999618530273,31.324682235717773,1175600
2021-03-05,32.15999984741211,33.040000915527344,31.440000534057617,32.939998626708984,32.345924377441406,1169400
2021-03-08,33.02000045776367,33.27000045776367,32.470001220703125,32.4900016784668,31.904041290283203,1096100
2021-03-09,32.959999084472656,33.59000015258789,32.7599983215332,32.91999816894531,32.3262825012207,1395600
2021-03-10,33.0099983215332,33.56999969482422,32.97999954223633,33.27000045776367,32.66997528076172,915800
2021-03-11,33.599998474121094,33.86000061035156,33.220001220703125,33.25,32.65033721923828,998400
2021-03-12,33.20000076293945,33.43000030517578,32.630001068115234,33.040000915527344,32.444122314453125,1072500
2021-03-15,33.029998779296875,33.790000915527344,32.56999969482422,33.619998931884766,33.01365661621094,1207100
2021-03-16,33.40999984741211,33.650001525878906,32.83000183105469,32.97999954223633,32.38520050048828,1179800
2021-03-17,32.88999938964844,33.08000183105469,32.58000183105469,32.66999816894531,32.08079147338867,1288900
2021-03-18,32.529998779296875,33.36000061035156,32.20000076293945,33.0099983215332,32.4146614074707,1452600
2021-03-19,33.040000915527344,34.0099983215332,32.36000061035156,33.779998779296875,33.1707763671875,7450000
2021-03-22,33.97999954223633,34.4900016784668,33.540000915527344,34.369998931884766,33.75013732910156,2130500
2021-03-23,34.31999969482422,34.650001525878906,33.900001525878906,33.959999084472656,33.34752655029297,1499700
2021-03-24,33.7400016784668,34.04999923706055,33.470001220703125,33.810001373291016,33.200233459472656,1226700
2021-03-25,33.810001373291016,34.06999969482422,33.310001373291016,33.90999984741211,33.298431396484375,1287200
2021-03-26,33.95000076293945,34.29999923706055,33.63999938964844,34.189998626708984,33.57337188720703,1172200
2021-03-29,34.119998931884766,34.43000030517578,33.93000030517578,34.18000030517578,33.56356430053711,1362700
2021-03-30,34.150001525878906,34.20000076293945,33.79999923706055,33.91999816894531,33.308250427246094,876800
2021-03-31,33.959999084472656,34.959999084472656,33.93000030517578,34.41999816894531,33.79923629760742,1885900
2021-04-01,34.7599983215332,35.16999816894531,34.5,34.83000183105469,34.201839447021484,1083600
2021-04-05,34.849998474121094,35.52000045776367,34.849998474121094,35.38999938964844,34.751739501953125,1151100
2021-04-06,35.36000061035156,35.70000076293945,35.0099983215332,35.290000915527344,34.653541564941406,1026500
2021-04-07,35.31999969482422,35.31999969482422,34.470001220703125,34.47999954223633,33.858150482177734,857800
2021-04-08,34.7400016784668,35.060001373291016,34.52000045776367,34.959999084472656,34.329490661621094,1574300
2021-04-09,34.95000076293945,35.5,34.83000183105469,35.43000030517578,34.791019439697266,721800
2021-04-12,35.400001525878906,35.630001068115234,35.20000076293945,35.619998931884766,34.97758483886719,982800
2021-04-13,35.290000915527344,35.47999954223633,34.810001373291016,34.90999984741211,34.2803955078125,2143800
2021-04-14,34.959999084472656,35.2400016784668,34.560001373291016,34.70000076293945,34.074188232421875,1365600
2021-04-15,34.88999938964844,35.2599983215332,34.7400016784668,35.22999954223633,34.59462356567383,934500
2021-04-16,35.400001525878906,35.400001525878906,35.0,35.27000045776367,34.63390350341797,913100
2021-04-19,35.29999923706055,35.400001525878906,34.650001525878906,34.810001373291016,34.18219757080078,1113000
2021-04-20,34.75,35.29999923706055,34.75,35.18000030517578,34.545528411865234,898200
2021-04-21,35.2400016784668,35.52000045776367,35.099998474121094,35.18000030517578,34.545528411865234,863600
2021-04-22,35.29999923706055,35.689998626708984,35.25,35.290000915527344,34.653541564941406,1468900
2021-04-23,35.38999938964844,35.9900016784668,35.29999923706055,35.79999923706055,35.15434265136719,1321400
2021-04-26,35.869998931884766,36.220001220703125,35.72999954223633,35.90999984741211,35.262359619140625,1742000
2021-04-27,36.04999923706055,36.279998779296875,35.5,35.91999816894531,35.272178649902344,1784600
2021-04-28,36.630001068115234,37.400001525878906,36.13999938964844,36.40999984741211,35.75334167480469,1577600
2021-04-29,36.650001525878906,37.5,36.25,37.36000061035156,36.68620681762695,1676500
2021-04-30,37.2599983215332,37.34000015258789,36.86000061035156,37.279998779296875,36.60765075683594,1784100
2021-05-03,37.5,38.11000061035156,37.45000076293945,37.75,37.069175720214844,1287100
2021-05-04,37.650001525878906,37.880001068115234,37.25,37.61000061035156,36.931697845458984,1214000
2021-05-05,37.90999984741211,38.08000183105469,37.02000045776367,37.099998474121094,36.4308967590332,1037500
2021-05-06,37.040000915527344,37.15999984741211,36.529998779296875,36.970001220703125,36.30324172973633,876600
2021-05-07,36.810001373291016,37.2400016784668,36.630001068115234,37.119998931884766,36.52958297729492,881000
2021-05-10,37.15999984741211,37.689998626708984,36.9900016784668,37.220001220703125,36.627994537353516,724700
2021-05-11,36.900001525878906,37.02000045776367,36.56999969482422,36.95000076293945,36.36228942871094,946200
2021-05-12,36.599998474121094,36.689998626708984,35.75,35.75,35.18137741088867,1159700
2021-05-13,35.880001068115234,36.540000915527344,35.72999954223633,36.34000015258789,35.76198959350586,882800
2021-05-14,36.45000076293945,37.099998474121094,36.22999954223633,36.91999816894531,36.332767486572266,959600
2021-05-17,36.630001068115234,36.939998626708984,35.91999816894531,36.099998474121094,35.52580261230469,1237700
2021-05-18,35.95000076293945,36.119998931884766,35.380001068115234,35.400001525878906,34.83694839477539,1303500
2021-05-19,35.0,35.119998931884766,34.38999938964844,34.939998626708984,34.384254455566406,1421600
2021-05-20,35.119998931884766,35.31999969482422,34.939998626708984,35.060001373291016,34.502349853515625,1497200
2021-05-21,35.189998626708984,35.439998626708984,34.900001525878906,35.04999923706055,34.49250793457031,4957400
2021-05-24,35.369998931884766,35.369998931884766,34.31999969482422,34.400001525878906,33.85285186767578,1942400
2021-05-25,34.52000045776367,34.52000045776367,33.849998474121094,34.029998779296875,33.488731384277344,1735400
2021-05-26,34.060001373291016,34.34000015258789,33.630001068115234,33.86000061035156,33.32143783569336,1681500
2021-05-27,33.939998626708984,34.29999923706055,33.72999954223633,33.86000061035156,33.32143783569336,2225800
2021-05-28,34.09000015258789,34.41999816894531,33.97999954223633,34.09000015258789,33.54777908325195,1245100
2021-06-01,34.27000045776367,34.40999984741211,33.65999984741211,33.7599983215332,33.223026275634766,853500
2021-06-02,33.7400016784668,34.0099983215332,33.56999969482422,33.91999816894531,33.3804817199707,1245400
2021-06-03,33.689998626708984,33.77000045776367,33.0099983215332,33.09000015258789,32.563682556152344,1273100
2021-06-04,33.22999954223633,33.400001525878906,33.11000061035156,33.189998626708984,32.66209030151367,713800
2021-06-07,33.209999084472656,33.290000915527344,32.65999984741211,32.79999923706055,32.278297424316406,1098700
2021-06-08,32.9900016784668,33.150001525878906,32.7599983215332,33.119998931884766,32.593204498291016,906000
2021-06-09,33.38999938964844,33.59000015258789,33.0099983215332,33.04999923706055,32.524314880371094,1274500
2021-06-10,33.08000183105469,33.279998779296875,33.0099983215332,33.189998626708984,32.66209030151367,1079500
2021-06-11,33.290000915527344,33.400001525878906,33.0,33.31999969482422,32.79002380371094,1090600
2021-06-14,33.36000061035156,33.66999816894531,33.2599983215332,33.63999938964844,33.10493469238281,910100
2021-06-15,33.72999954223633,33.790000915527344,33.45000076293945,33.790000915527344,33.25254821777344,1657800
2021-06-16,33.90999984741211,33.90999984741211,33.15999984741211,33.16999816894531,32.64240646362305,1131200
2021-06-17,32.97999954223633,33.4900016784668,32.90999984741211,33.369998931884766,32.83922576904297,999300
2021-06-18,33.13999938964844,33.40999984741211,33.040000915527344,33.09000015258789,32.563682556152344,2011400
2021-06-21,33.310001373291016,33.88999938964844,33.2599983215332,33.72999954223633,33.193504333496094,1185900
2021-06-22,33.790000915527344,34.0,33.65999984741211,33.939998626708984,33.40016174316406,1806000
2021-06-23,34.09000015258789,34.09000015258789,33.58000183105469,33.619998931884766,33.08525085449219,783100
2021-06-24,33.79999923706055,33.970001220703125,33.650001525878906,33.900001525878906,33.360801696777344,839000
2021-06-25,34.04999923706055,34.09000015258789,33.790000915527344,34.040000915527344,33.498573303222656,1463900
2021-06-28,34.18000030517578,34.34000015258789,33.709999084472656,33.970001220703125,33.429691314697266,1021900
2021-06-29,33.86000061035156,34.66999816894531,33.709999084472656,34.41999816894531,33.87253189086914,1109900
2021-06-30,34.400001525878906,34.650001525878906,33.9900016784668,34.20000076293945,33.656028747558594,1171400
2021-07-01,34.34000015258789,34.65999984741211,34.27000045776367,34.61000061035156,34.059505462646484,844400
2021-07-02,34.709999084472656,34.7599983215332,34.459999084472656,34.65999984741211,34.10871124267578,825500
2021-07-06,34.70000076293945,34.9900016784668,34.29999923706055,34.95000076293945,34.394100189208984,968400
2021-07-07,34.880001068115234,35.619998931884766,34.77000045776367,35.58000183105469,35.01408386230469,1295800
2021-07-08,35.18000030517578,35.36000061035156,34.91999816894531,35.0099983215332,34.45314407348633,840800
2021-07-09,35.22999954223633,35.47999954223633,35.099998474121094,35.38999938964844,34.82710266113281,700600
2021-07-12,35.369998931884766,35.459999084472656,35.16999816894531,35.36000061035156,34.797576904296875,865700
2021-07-13,35.29999923706055,35.68000030517578,35.18000030517578,35.34000015258789,34.77789306640625,850500
2021-07-14,35.439998626708984,35.52000045776367,34.97999954223633,35.36000061035156,34.797576904296875,1069200
2021-07-15,35.130001068115234,35.56999969482422,35.119998931884766,35.529998779296875,34.96487045288086,760800
2021-07-16,35.689998626708984,36.41999816894531,35.619998931884766,35.970001220703125,35.39787673950195,1265200
2021-07-19,35.689998626708984,36.43000030517578,35.599998474121094,36.27000045776367,35.69309997558594,1855600
2021-07-20,36.43000030517578,37.36000061035156,36.380001068115234,37.31999969482422,36.72640609741211,1864600
2021-07-21,37.20000076293945,37.529998779296875,37.20000076293945,37.400001525878906,36.80513381958008,1357700
2021-07-22,37.45000076293945,37.869998931884766,37.2599983215332,37.63999938964844,37.041316986083984,750000
2021-07-23,37.75,38.040000915527344,37.72999954223633,37.900001525878906,37.29718017578125,753500
2021-07-26,37.77000045776367,37.83000183105469,37.099998474121094,37.369998931884766,36.77560806274414,1122500
2021-07-27,37.2599983215332,37.4900016784668,36.97999954223633,37.150001525878906,36.559112548828125,1407500
2021-07-28,36.63999938964844,37.2599983215332,35.900001525878906,36.84000015258789,36.2540397644043,2430600
2021-07-29,37.279998779296875,38.439998626708984,37.189998626708984,37.83000183105469,37.22829818725586,1926800
2021-07-30,37.849998474121094,38.470001220703125,37.68000030517578,38.33000183105469,37.72034454345703,1203400
2021-08-02,38.5,38.7400016784668,38.09000015258789,38.540000915527344,37.926998138427734,1013700
2021-08-03,38.540000915527344,39.02000045776367,38.459999084472656,38.9900016784668,38.369842529296875,1129100
2021-08-04,38.95000076293945,39.31999969482422,38.79999923706055,39.0,38.37968826293945,1194600
2021-08-05,39.13999938964844,39.13999938964844,38.130001068115234,38.40999984741211,37.79906463623047,1246200
2021-08-06,38.439998626708984,38.59000015258789,38.06999969482422,38.15999984741211,37.553043365478516,1038600
2021-08-09,38.22999954223633,38.33000183105469,37.47999954223633,37.68000030517578,37.15857696533203,1006600
2021-08-10,37.599998474121094,37.689998626708984,37.36000061035156,37.380001068115234,36.862728118896484,777000
2021-08-11,37.400001525878906,37.65999984741211,37.09000015258789,37.38999938964844,36.872589111328125,721200
2021-08-12,37.220001220703125,37.310001373291016,37.099998474121094,37.189998626708984,36.67535400390625,646000
2021-08-13,37.20000076293945,37.220001220703125,36.90999984741211,37.150001525878906,36.63591766357422,910800
2021-08-16,37.0099983215332,37.630001068115234,36.86000061035156,37.58000183105469,37.05996322631836,951200
2021-08-17,37.5099983215332,37.970001220703125,37.27000045776367,37.95000076293945,37.42483901977539,1358200
2021-08-18,37.88999938964844,38.150001525878906,37.7599983215332,37.83000183105469,37.3065071105957,1065100
2021-08-19,37.72999954223633,38.959999084472656,37.560001373291016,38.77000045776367,38.233489990234375,1087600
2021-08-20,38.849998474121094,39.4900016784668,38.72999954223633,39.33000183105469,38.785743713378906,872200
2021-08-23,39.349998474121094,39.38999938964844,38.380001068115234,38.380001068115234,37.84889221191406,862300
2021-08-24,38.47999954223633,38.52000045776367,37.97999954223633,38.04999923706055,37.52345657348633,823500
2021-08-25,37.95000076293945,38.45000076293945,37.86000061035156,38.220001220703125,37.691104888916016,654600
2021-08-26,38.18000030517578,38.400001525878906,38.040000915527344,38.34000015258789,37.809444427490234,564700
2021-08-27,38.5,38.91999816894531,38.310001373291016,38.61000061035156,38.075706481933594,752800
2021-08-30,38.77000045776367,39.189998626708984,38.59000015258789,39.15999984741211,38.61809539794922,822400
2021-08-31,39.220001220703125,39.36000061035156,38.7400016784668,38.91999816894531,38.38141632080078,1395300
2021-09-01,38.9900016784668,39.130001068115234,38.59000015258789,38.91999816894531,38.38141632080078,1115200
2021-09-02,39.02000045776367,39.61000061035156,38.97999954223633,39.59000015258789,39.042144775390625,852000
2021-09-03,39.43000030517578,40.11000061035156,39.369998931884766,39.709999084472656,39.160484313964844,903200
2021-09-07,39.869998931884766,39.939998626708984,38.52000045776367,38.560001373291016,38.02640151977539,1340900
2021-09-08,38.5,39.400001525878906,38.38999938964844,39.22999954223633,38.68712615966797,1740700
2021-09-09,39.310001373291016,39.59000015258789,38.47999954223633,38.58000183105469,38.04612350463867,1478200
2021-09-10,38.72999954223633,39.33000183105469,38.5,38.95000076293945,38.41100311279297,995400
2021-09-13,39.15999984741211,39.2599983215332,37.52000045776367,37.90999984741211,37.38539123535156,1489200
2021-09-14,38.04999923706055,38.220001220703125,37.650001525878906,37.72999954223633,37.207881927490234,1203100
2021-09-15,37.720001220703125,37.720001220703125,37.13999938964844,37.20000076293945,36.68522262573242,2002000
2021-09-16,37.27000045776367,37.83000183105469,37.220001220703125,37.650001525878906,37.128997802734375,1672100
2021-09-17,37.56999969482422,37.88999938964844,36.709999084472656,37.13999938964844,36.62604522705078,4880100
2021-09-20,36.77000045776367,37.189998626708984,36.5,37.08000183105469,36.56687927246094,1671200
2021-09-21,37.2400016784668,37.7400016784668,37.189998626708984,37.38999938964844,36.872589111328125,1638900
2021-09-22,37.529998779296875,37.72999954223633,37.22999954223633,37.540000915527344,37.02051544189453,1060500
2021-09-23,37.7599983215332,37.91999816894531,37.439998626708984,37.529998779296875,37.010650634765625,839000
2021-09-24,37.47999954223633,37.529998779296875,37.220001220703125,37.4900016784668,36.97121047973633,656200
2021-09-27,37.369998931884766,37.369998931884766,36.5099983215332,36.58000183105469,36.07379913330078,888900
2021-09-28,36.22999954223633,36.470001220703125,35.400001525878906,35.68000030517578,35.18625259399414,1202800
2021-09-29,35.779998779296875,36.220001220703125,35.7400016784668,36.04999923706055,35.5511360168457,807500
2021-09-30,36.15999984741211,36.310001373291016,35.310001373291016,35.33000183105469,34.84109878540039,1139500
2021-10-01,35.52000045776367,35.869998931884766,34.779998779296875,35.630001068115234,35.13694763183594,1140900
2021-10-04,35.59000015258789,35.810001373291016,35.04999923706055,35.459999084472656,34.96929931640625,1172500
2021-10-05,35.529998779296875,36.02000045776367,35.34000015258789,35.90999984741211,35.41307067871094,957800
2021-10-06,35.650001525878906,36.470001220703125,35.650001525878906,36.380001068115234,35.876564025878906,1059300
2021-10-07,36.68000030517578,37.33000183105469,36.65999984741211,36.7400016784668,36.23158645629883,909700
2021-10-08,36.66999816894531,36.849998474121094,36.29999923706055,36.689998626708984,36.182273864746094,652200
2021-10-11,36.630001068115234,36.810001373291016,36.08000183105469,36.11000061035156,35.61030578613281,477400
2021-10-12,36.22999954223633,36.34000015258789,35.959999084472656,36.040000915527344,35.5412712097168,544400
2021-10-13,36.15999984741211,36.599998474121094,35.84000015258789,36.58000183105469,36.07379913330078,1000400
2021-10-14,36.939998626708984,37.33000183105469,36.779998779296875,37.20000076293945,36.68522262573242,813400
2021-10-15,37.43000030517578,37.630001068115234,37.220001220703125,37.29999923706055,36.78383255004883,814600
2021-10-18,37.22999954223633,38.130001068115234,37.130001068115234,38.119998931884766,37.59248352050781,1098700
2021-10-19,38.29999923706055,38.36000061035156,37.939998626708984,38.31999969482422,37.78972244262695,619600
2021-10-20,38.47999954223633,38.66999816894531,38.33000183105469,38.43000030517578,37.898197174072266,721000
2021-10-21,38.529998779296875,38.65999984741211,38.15999984741211,38.59000015258789,38.05598068237305,928800
2021-10-22,38.61000061035156,39.15999984741211,38.5099983215332,39.09000015258789,38.54906463623047,836400
2021-10-25,39.029998779296875,39.400001525878906,38.79999923706055,39.25,38.706844329833984,968700
2021-10-26,39.43000030517578,39.70000076293945,39.20000076293945,39.33000183105469,38.785743713378906,1057200
2021-10-27,38.84000015258789,39.060001373291016,35.06999969482422,35.08000183105469,34.59455871582031,2064200
2021-10-28,34.790000915527344,35.279998779296875,34.63999938964844,34.81999969482422,34.33815383911133,1796100
2021-10-29,34.720001220703125,35.369998931884766,34.41999816894531,35.22999954223633,34.74247741699219,1995200
2021-11-01,35.2400016784668,35.36000061035156,34.040000915527344,34.20000076293945,33.72673416137695,1543200
2021-11-02,34.220001220703125,35.56999969482422,34.220001220703125,35.130001068115234,34.643863677978516,1923800
2021-11-03,35.099998474121094,35.209999084472656,34.27000045776367,35.119998931884766,34.634002685546875,1213500
2021-11-04,35.310001373291016,36.54999923706055,35.2400016784668,36.290000915527344,35.787811279296875,2060100
2021-11-05,36.380001068115234,36.5,35.709999084472656,35.86000061035156,35.363765716552734,1126100
2021-11-08,35.900001525878906,36.08000183105469,35.36000061035156,35.75,35.255287170410156,1264800
2021-11-09,35.560001373291016,35.790000915527344,35.2599983215332,35.45000076293945,35.13634490966797,1084700
2021-11-10,35.29999923706055,35.790000915527344,35.29999923706055,35.7599983215332,35.443603515625,954500
2021-11-11,35.970001220703125,35.970001220703125,35.4900016784668,35.630001068115234,35.314754486083984,572400
2021-11-12,35.75,36.099998474121094,35.58000183105469,35.9900016784668,35.67156982421875,704200
2021-11-15,35.970001220703125,36.310001373291016,35.720001220703125,35.880001068115234,35.56254577636719,957600
2021-11-16,35.939998626708984,36.369998931884766,35.849998474121094,36.040000915527344,35.72113037109375,874600
2021-11-17,36.11000061035156,36.11000061035156,35.4900016784668,35.959999084472656,35.64183044433594,910300
2021-11-18,35.9900016784668,36.09000015258789,35.5,35.63999938964844,35.32466506958008,818900
2021-11-19,35.779998779296875,35.900001525878906,35.25,35.41999816894531,35.10660934448242,1930800
2021-11-22,35.41999816894531,35.880001068115234,35.09000015258789,35.2400016784668,34.92820358276367,1780700
2021-11-23,35.130001068115234,35.95000076293945,35.09000015258789,35.900001525878906,35.582366943359375,1293000
2021-11-24,35.86000061035156,36.34000015258789,35.79999923706055,36.0,35.681480407714844,1071500
2021-11-26,35.70000076293945,36.25,35.400001525878906,35.459999084472656,35.14625549316406,957300
2021-11-29,35.66999816894531,35.779998779296875,34.91999816894531,35.33000183105469,35.01740646362305,1639500
2021-11-30,35.20000076293945,35.20000076293945,33.2400016784668,33.279998779296875,32.98554611206055,6421000
2021-12-01,33.5,33.70000076293945,31.920000076293945,31.940000534057617,31.65740394592285,2084400
2021-12-02,32.09000015258789,32.810001373291016,32.09000015258789,32.27000045776367,31.98448371887207,1631900
2021-12-03,32.45000076293945,32.61000061035156,31.43000030517578,31.770000457763672,31.488906860351562,2026400
2021-12-06,32.11000061035156,32.41999816894531,31.56999969482422,32.189998626708984,31.905189514160156,2840100
2021-12-07,32.650001525878906,32.900001525878906,32.41999816894531,32.4900016784668,32.202537536621094,2413900
2021-12-08,32.40999984741211,33.099998474121094,32.279998779296875,33.06999969482422,32.777408599853516,2462200
2021-12-09,33.060001373291016,33.119998931884766,32.209999084472656,32.25,31.964662551879883,1245600
2021-12-10,32.290000915527344,32.380001068115234,31.739999771118164,31.90999984741211,31.627668380737305,1720600
2021-12-13,31.950000762939453,32.4900016784668,31.8700008392334,32.310001373291016,32.024131774902344,2105000
2021-12-14,32.22999954223633,32.790000915527344,32.15999984741211,32.34000015258789,32.053863525390625,3004100
2021-12-15,32.279998779296875,32.83000183105469,32.209999084472656,32.52000045776367,32.232269287109375,3581200
2021-12-16,32.650001525878906,33.08000183105469,32.45000076293945,32.939998626708984,32.648555755615234,2896700
2021-12-17,32.810001373291016,33.16999816894531,32.45000076293945,32.77000045776367,32.48006057739258,4845000
2021-12-20,32.56999969482422,32.63999938964844,31.920000076293945,32.16999816894531,31.885364532470703,2654300
2021-12-21,32.41999816894531,32.720001220703125,32.119998931884766,32.58000183105469,32.291744232177734,2346200
2021-12-22,32.52000045776367,32.709999084472656,32.380001068115234,32.63999938964844,32.3512077331543,891600
2021-12-23,32.720001220703125,33.060001373291016,32.70000076293945,32.779998779296875,32.489967346191406,1037900
2021-12-27,32.900001525878906,33.16999816894531,32.66999816894531,33.099998474121094,32.8071403503418,940200
2021-12-28,33.349998474121094,33.709999084472656,33.119998931884766,33.52000045776367,33.22342300415039,2884900
2021-12-29,33.540000915527344,33.86000061035156,33.40999984741211,33.54999923706055,33.25315475463867,4301500
2021-12-30,33.45000076293945,33.77000045776367,33.20000076293945,33.63999938964844,33.34236145019531,1098600
2021-12-31,33.66999816894531,34.45000076293945,33.619998931884766,34.209999084472656,33.907318115234375,1288000
2022-01-03,34.220001220703125,34.40999984741211,33.08000183105469,33.599998474121094,33.302711486816406,1876400
2022-01-04,33.400001525878906,34.189998626708984,33.31999969482422,33.88999938964844,33.590152740478516,1781800
2022-01-05,33.849998474121094,33.959999084472656,32.880001068115234,32.900001525878906,32.608909606933594,2547000
2022-01-06,32.7400016784668,33.68000030517578,32.72999954223633,33.54999923706055,33.25315475463867,1697500
2022-01-07,33.599998474121094,33.88999938964844,33.5,33.689998626708984,33.39191436767578,2407600
2022-01-10,33.650001525878906,33.79999923706055,32.84000015258789,33.779998779296875,33.48112106323242,2549300
2022-01-11,33.72999954223633,33.90999984741211,33.04999923706055,33.599998474121094,33.302711486816406,2215400
2022-01-12,33.689998626708984,34.04999923706055,33.56999969482422,33.869998931884766,33.5703239440918,1855400
2022-01-13,33.90999984741211,34.130001068115234,33.220001220703125,33.5,33.20359802246094,1985800
2022-01-14,33.119998931884766,33.13999938964844,32.5,32.61000061035156,32.321475982666016,1673200
2022-01-18,31.8799991607666,32.20000076293945,31.40999984741211,31.709999084472656,31.42943572998047,1824100
2022-01-19,31.719999313354492,32.08000183105469,31.540000915527344,31.989999771118164,31.706960678100586,1882100
2022-01-20,32.15999984741211,32.529998779296875,31.6200008392334,31.649999618530273,31.36996841430664,1441900
2022-01-21,31.65999984741211,31.979999542236328,31.270000457763672,31.31999969482422,31.042888641357422,1685100
2022-01-24,30.959999084472656,31.93000030517578,30.40999984741211,31.899999618530273,31.617755889892578,2583100
2022-01-25,31.329999923706055,31.700000762939453,30.8700008392334,31.260000228881836,30.98341941833496,3328500
2022-01-26,30.020000457763672,30.479999542236328,29.34000015258789,29.700000762939453,29.437223434448242,10402900
2022-01-27,29.889999389648438,30.06999969482422,28.510000228881836,28.969999313354492,28.71367835998535,3361200
2022-01-28,28.989999771118164,29.969999313354492,28.549999237060547,29.959999084472656,29.69491958618164,2436800
2022-01-31,29.889999389648438,30.940000534057617,29.790000915527344,30.850000381469727,30.57704734802246,3883800
2022-02-01,31.020000457763672,31.170000076293945,30.6200008392334,31.030000686645508,30.755455017089844,1389400
2022-02-02,30.93000030517578,31.59000015258789,30.81999969482422,31.459999084472656,31.18164825439453,1506500
2022-02-03,31.219999313354492,31.389999389648438,30.670000076293945,30.719999313354492,30.44819450378418,1555600
2022-02-04,30.5,30.690000534057617,29.950000762939453,30.450000762939453,30.180585861206055,2403600
2022-02-07,30.549999237060547,30.770000457763672,30.350000381469727,30.489999771118164,30.220233917236328,2564600
2022-02-08,30.3799991607666,30.639999389648438,30.219999313354492,30.40999984741211,30.140941619873047,1422400
2022-02-09,30.579999923706055,31.3700008392334,30.579999923706055,31.350000381469727,31.175138473510742,1727400
2022-02-10,30.770000457763672,31.290000915527344,30.600000381469727,30.93000030517578,30.757482528686523,2243500
2022-02-11,30.989999771118164,31.299999237060547,30.459999084472656,30.729999542236328,30.558595657348633,2242100
2022-02-14,30.700000762939453,31.030000686645508,30.549999237060547,30.84000015258789,30.667984008789062,1705100
2022-02-15,31.270000457763672,31.350000381469727,30.8700008392334,31.299999237060547,31.125415802001953,2020800
2022-02-16,31.209999084472656,31.520000457763672,30.75,31.3700008392334,31.19502830505371,1262500
2022-02-17,31.25,31.459999084472656,31.079999923706055,31.190000534057617,31.01603126525879,1192900
2022-02-18,31.229999542236328,31.6200008392334,30.690000534057617,31.1299991607666,30.956363677978516,2978700
2022-02-22,30.969999313354492,31.329999923706055,30.770000457763672,30.989999771118164,30.81714630126953,2605300
2022-02-23,31.149999618530273,31.350000381469727,30.260000228881836,30.309999465942383,30.14093780517578,2033800
2022-02-24,29.940000534057617,31.670000076293945,29.81999969482422,31.600000381469727,31.423744201660156,2366400
2022-02-25,31.600000381469727,32.220001220703125,31.59000015258789,32.130001068115234,31.950790405273438,2477700
2022-02-28,31.889999389648438,32.70000076293945,31.8799991607666,32.630001068115234,32.448001861572266,2365600
2022-03-01,32.650001525878906,33.40999984741211,32.290000915527344,33.15999984741211,32.97504425048828,2437600
2022-03-02,33.209999084472656,34.22999954223633,33.18000030517578,34.08000183105469,33.889915466308594,2379000
2022-03-03,34.2599983215332,34.29999923706055,33.31999969482422,33.47999954223633,33.29325866699219,2788700
2022-03-04,33.31999969482422,34.09000015258789,32.88999938964844,34.0099983215332,33.82029724121094,1877600
2022-03-07,34.06999969482422,34.130001068115234,33.470001220703125,33.959999084472656,33.77058029174805,2155800
2022-03-08,33.630001068115234,33.84000015258789,32.43000030517578,32.56999969482422,32.38833236694336,3502400
2022-03-09,32.9900016784668,33.38999938964844,32.66999816894531,32.720001220703125,32.537498474121094,1401600
2022-03-10,32.33000183105469,32.619998931884766,32.16999816894531,32.599998474121094,32.41816711425781,1258700
2022-03-11,32.66999816894531,32.849998474121094,32.099998474121094,32.20000076293945,32.0203971862793,1965400
2022-03-14,32.459999084472656,33.470001220703125,32.220001220703125,33.36000061035156,33.173927307128906,1767300
2022-03-15,33.619998931884766,33.7599983215332,33.04999923706055,33.43000030517578,33.24353790283203,1395500
2022-03-16,33.439998626708984,33.91999816894531,33.13999938964844,33.7599983215332,33.57169723510742,1836800
2022-03-17,33.77000045776367,34.279998779296875,33.54999923706055,34.25,34.058963775634766,1449400
2022-03-18,34.34000015258789,34.369998931884766,33.84000015258789,34.20000076293945,34.00924301147461,2855700
2022-03-21,34.09000015258789,34.400001525878906,33.5,33.83000183105469,33.64130783081055,1458800
2022-03-22,33.84000015258789,34.04999923706055,33.619998931884766,33.709999084472656,33.52197265625,1354700
2022-03-23,33.56999969482422,33.650001525878906,33.2400016784668,33.41999816894531,33.23359298706055,900700
2022-03-24,33.61000061035156,33.790000915527344,33.209999084472656,33.540000915527344,33.35292434692383,771100
2022-03-25,33.68000030517578,33.91999816894531,33.470001220703125,33.810001373291016,33.62141799926758,597800
2022-03-28,33.84000015258789,34.41999816894531,33.779998779296875,34.41999816894531,34.22801208496094,643900
2022-03-29,34.7400016784668,35.2599983215332,34.7400016784668,35.150001525878906,34.95394515991211,1103100
2022-03-30,35.130001068115234,35.439998626708984,34.95000076293945,35.439998626708984,35.24232482910156,835800
2022-03-31,35.5,35.70000076293945,35.040000915527344,35.04999923706055,34.85449981689453,1455300
2022-04-01,35.060001373291016,35.060001373291016,34.45000076293945,34.810001373291016,34.615840911865234,903500
2022-04-04,34.88999938964844,35.189998626708984,34.619998931884766,35.09000015258789,34.89427947998047,830200
2022-04-05,35.04999923706055,35.54999923706055,34.790000915527344,34.849998474121094,34.65561294555664,862700
2022-04-06,34.720001220703125,35.11000061035156,34.560001373291016,34.9900016784668,34.794837951660156,1352400
2022-04-07,34.9900016784668,35.66999816894531,34.849998474121094,35.540000915527344,35.34177017211914,1458000
2022-04-08,35.52000045776367,35.75,35.33000183105469,35.38999938964844,35.192604064941406,911200
2022-04-11,35.52000045776367,35.90999984741211,35.40999984741211,35.560001373291016,35.36166000366211,985400
2022-04-12,35.54999923706055,35.93000030517578,35.36000061035156,35.43000030517578,35.232383728027344,1063600
2022-04-13,35.369998931884766,35.7599983215332,35.369998931884766,35.47999954223633,35.282100677490234,708100
2022-04-14,35.599998474121094,35.7400016784668,34.86000061035156,34.900001525878906,34.70534133911133,919400
2022-04-18,34.84000015258789,35.02000045776367,34.060001373291016,34.290000915527344,34.09873962402344,831200
2022-04-19,34.34000015258789,34.779998779296875,34.290000915527344,34.59000015258789,34.39706802368164,1111800
2022-04-20,34.86000061035156,34.86000061035156,34.43000030517578,34.59000015258789,34.39706802368164,1508100
2022-04-21,34.81999969482422,34.9900016784668,34.400001525878906,34.5099983215332,34.317508697509766,930500
2022-04-22,34.380001068115234,34.5,33.540000915527344,33.58000183105469,33.392704010009766,1136000
2022-04-25,33.52000045776367,33.619998931884766,32.7599983215332,33.400001525878906,33.213706970214844,1366600
2022-04-26,33.31999969482422,33.38999938964844,32.689998626708984,32.720001220703125,32.537498474121094,2413900
2022-04-27,32.86000061035156,34.5099983215332,32.0,33.5099983215332,33.323089599609375,1839900
2022-04-28,33.7599983215332,34.630001068115234,33.52000045776367,34.43000030517578,34.23796081542969,1582900
2022-04-29,34.20000076293945,34.209999084472656,33.470001220703125,33.540000915527344,33.35292434692383,1810700
2022-05-02,33.52000045776367,34.02000045776367,32.88999938964844,33.20000076293945,33.01482009887695,1995900
2022-05-03,33.27000045776367,33.56999969482422,32.529998779296875,32.709999084472656,32.527549743652344,2316800
2022-05-04,32.63999938964844,34.130001068115234,32.58000183105469,34.06999969482422,33.879966735839844,1855100
2022-05-05,33.90999984741211,34.0,33.130001068115234,33.41999816894531,33.23359298706055,1466400
2022-05-06,33.310001373291016,34.130001068115234,32.90999984741211,34.029998779296875,33.840187072753906,1888900
2022-05-09,33.689998626708984,34.2400016784668,33.45000076293945,33.61000061035156,33.52103805541992,1833200
2022-05-10,33.90999984741211,34.220001220703125,32.4900016784668,32.880001068115234,32.79296875,1910300
2022-05-11,32.869998931884766,33.79999923706055,32.68000030517578,33.20000076293945,33.11212158203125,2199200
2022-05-12,33.060001373291016,33.5099983215332,32.81999969482422,33.22999954223633,33.14204406738281,1946700
2022-05-13,33.54999923706055,34.29999923706055,33.529998779296875,34.04999923706055,33.95987319946289,1100900
2022-05-16,33.970001220703125,34.91999816894531,33.75,34.810001373291016,34.71786117553711,1245600
2022-05-17,35.08000183105469,35.5,34.63999938964844,35.38999938964844,35.29632568359375,1313000
2022-05-18,35.0,35.13999938964844,34.29999923706055,34.400001525878906,34.3089485168457,1665800
2022-05-19,34.18000030517578,34.86000061035156,33.66999816894531,34.33000183105469,34.239131927490234,1362600
2022-05-20,34.58000183105469,35.29999923706055,34.459999084472656,35.279998779296875,35.186614990234375,1985200
2022-05-23,35.56999969482422,35.630001068115234,34.97999954223633,35.209999084472656,35.11680221557617,1223200
2022-05-24,35.13999938964844,35.4900016784668,34.470001220703125,35.20000076293945,35.10683059692383,2796300
2022-05-25,35.209999084472656,35.5099983215332,34.70000076293945,35.31999969482422,35.22650909423828,1818300
2022-05-26,35.709999084472656,36.36000061035156,35.65999984741211,36.25,36.154048919677734,1305100
2022-05-27,36.470001220703125,36.970001220703125,36.41999816894531,36.61000061035156,36.51309585571289,1472200
2022-05-31,36.2599983215332,36.2599983215332,35.27000045776367,35.459999084472656,35.36613845825195,6265400
2022-06-01,35.0099983215332,35.349998474121094,34.720001220703125,34.9900016784668,34.89738464355469,1765100
2022-06-02,35.13999938964844,35.31999969482422,34.40999984741211,34.790000915527344,34.697914123535156,2028800
2022-06-03,34.41999816894531,35.06999969482422,34.34000015258789,34.91999816894531,34.82756805419922,1258400
2022-06-06,35.15999984741211,35.43000030517578,34.9900016784668,35.040000915527344,34.9472541809082,1216300
2022-06-07,34.7599983215332,35.54999923706055,34.58000183105469,35.5,35.40603256225586,988400
2022-06-08,35.20000076293945,35.310001373291016,34.7400016784668,34.84000015258789,34.747779846191406,840500
2022-06-09,34.720001220703125,35.09000015258789,34.13999938964844,34.15999984741211,34.069580078125,935400
2022-06-10,33.7400016784668,34.209999084472656,33.47999954223633,33.939998626708984,33.850162506103516,1281600
2022-06-13,33.310001373291016,33.61000061035156,32.81999969482422,32.97999954223633,32.892704010009766,1359700
2022-06-14,32.97999954223633,33.2400016784668,32.459999084472656,32.779998779296875,32.693233489990234,1470700
2022-06-15,33.04999923706055,33.16999816894531,32.5099983215332,32.77000045776367,32.68326187133789,1628000
2022-06-16,32.2400016784668,32.540000915527344,31.809999465942383,32.02000045776367,31.935245513916016,1355300
2022-06-17,31.860000610351562,32.189998626708984,31.43000030517578,31.780000686645508,31.695880889892578,2429300
2022-06-21,32.06999969482422,32.66999816894531,32.0,32.45000076293945,32.36410903930664,1341500
2022-06-22,32.189998626708984,33.11000061035156,32.099998474121094,33.04999923706055,32.96251678466797,1109800
2022-06-23,33.220001220703125,34.16999816894531,33.130001068115234,34.150001525878906,34.059608459472656,904700
2022-06-24,34.650001525878906,35.130001068115234,34.400001525878906,35.11000061035156,35.017066955566406,1744600
2022-06-27,35.150001525878906,35.38999938964844,34.68000030517578,35.279998779296875,35.186614990234375,1110200
2022-06-28,35.31999969482422,35.40999984741211,34.459999084472656,34.5099983215332,34.41865158081055,924400
2022-06-29,34.65999984741211,35.02000045776367,34.5,34.970001220703125,34.877437591552734,1115300
2022-06-30,34.810001373291016,35.029998779296875,34.599998474121094,34.91999816894531,34.82756805419922,2840200
2022-07-01,34.869998931884766,35.27000045776367,34.59000015258789,35.0,34.90735626220703,1677200
2022-07-05,34.720001220703125,35.0,34.02000045776367,34.97999954223633,34.88740921020508,1445500
2022-07-06,35.119998931884766,36.09000015258789,34.869998931884766,35.88999938964844,35.79500198364258,1891900
2022-07-07,35.79999923706055,36.75,35.7599983215332,36.59000015258789,36.49314880371094,1626900
2022-07-08,36.33000183105469,36.88999938964844,36.18000030517578,36.709999084472656,36.612831115722656,1321700
2022-07-11,36.650001525878906,37.0099983215332,36.599998474121094,36.95000076293945,36.852195739746094,1009500
2022-07-12,36.88999938964844,37.220001220703125,35.560001373291016,35.900001525878906,35.80497741699219,1681400
2022-07-13,35.45000076293945,35.849998474121094,35.22999954223633,35.33000183105469,35.23648452758789,1311700
2022-07-14,35.029998779296875,35.380001068115234,34.63999938964844,35.15999984741211,35.066932678222656,993600
2022-07-15,35.560001373291016,35.79999923706055,35.40999984741211,35.599998474121094,35.505767822265625,882400
2022-07-18,35.630001068115234,35.86000061035156,35.09000015258789,35.18000030517578,35.08687973022461,1059400
2022-07-19,35.5,36.529998779296875,35.38999938964844,36.439998626708984,36.343544006347656,1321700
2022-07-20,36.40999984741211,36.880001068115234,36.2400016784668,36.439998626708984,36.343544006347656,1652900
2022-07-21,36.5,36.58000183105469,36.15999984741211,36.560001373291016,36.46323013305664,657100
2022-07-22,36.619998931884766,37.029998779296875,36.22999954223633,36.470001220703125,36.37346649169922,1705700
2022-07-25,36.41999816894531,36.599998474121094,36.22999954223633,36.4900016784668,36.39341735839844,1021100
2022-07-26,36.310001373291016,36.66999816894531,35.880001068115234,36.220001220703125,36.12413024902344,1444600
2022-07-27,36.880001068115234,36.880001068115234,34.060001373291016,35.36000061035156,35.26640701293945,3418100
2022-07-28,35.689998626708984,39.20000076293945,35.560001373291016,38.56999969482422,38.4679069519043,3139500
2022-07-29,38.43000030517578,39.04999923706055,38.27000045776367,38.56999969482422,38.4679069519043,2636000
2022-08-01,38.459999084472656,39.150001525878906,38.209999084472656,39.099998474121094,38.99650192260742,1302100
2022-08-02,39.08000183105469,39.099998474121094,38.47999954223633,38.529998779296875,38.42801284790039,926000
2022-08-03,38.66999816894531,38.689998626708984,38.2400016784668,38.2599983215332,38.15872573852539,1631500
2022-08-04,38.16999816894531,38.279998779296875,37.369998931884766,37.7400016784668,37.640106201171875,1956100
2022-08-05,37.369998931884766,37.77000045776367,37.06999969482422,37.599998474121094,37.50047302246094,1008100
2022-08-08,37.81999969482422,38.04999923706055,37.59000015258789,37.779998779296875,37.679996490478516,1136500
2022-08-09,37.70000076293945,37.70000076293945,36.939998626708984,37.040000915527344,37.040000915527344,1085300
2022-08-10,37.59000015258789,37.709999084472656,36.97999954223633,37.33000183105469,37.33000183105469,1952900
2022-08-11,37.220001220703125,37.4900016784668,36.56999969482422,36.650001525878906,36.650001525878906,1160200
2022-08-12,36.68000030517578,37.09000015258789,36.45000076293945,36.970001220703125,36.970001220703125,1385500
2022-08-15,36.689998626708984,37.060001373291016,36.58000183105469,36.900001525878906,36.900001525878906,1113600
2022-08-16,36.56999969482422,37.880001068115234,36.56999969482422,37.4900016784668,37.4900016784668,1733500
2022-08-17,37.0,37.31999969482422,36.91999816894531,37.040000915527344,37.040000915527344,1681500
2022-08-18,37.130001068115234,37.2599983215332,37.0099983215332,37.189998626708984,37.189998626708984,1332300
2022-08-19,37.08000183105469,37.099998474121094,36.43000030517578,36.540000915527344,36.540000915527344,1327300
2022-08-22,36.22999954223633,36.7400016784668,36.08000183105469,36.400001525878906,36.400001525878906,1860100
2022-08-23,36.18000030517578,36.310001373291016,35.720001220703125,35.810001373291016,35.810001373291016,1120700
2022-08-24,35.9900016784668,36.0099983215332,35.279998779296875,35.59000015258789,35.59000015258789,1015300
2022-08-25,35.709999084472656,35.720001220703125,35.34000015258789,35.66999816894531,35.66999816894531,717000
2022-08-26,35.66999816894531,35.689998626708984,34.459999084472656,34.47999954223633,34.47999954223633,1099400
2022-08-29,34.20000076293945,34.380001068115234,34.02000045776367,34.040000915527344,34.040000915527344,1054600
2022-08-30,34.04999923706055,34.119998931884766,33.65999984741211,33.849998474121094,33.849998474121094,1024600
2022-08-31,33.95000076293945,33.95000076293945,33.560001373291016,33.7599983215332,33.7599983215332,2505800
2022-09-01,33.66999816894531,34.16999816894531,33.380001068115234,34.15999984741211,34.15999984741211,1356400
2022-09-02,34.5,34.5099983215332,33.560001373291016,33.7400016784668,33.7400016784668,942600
2022-09-06,34.72999954223633,36.09000015258789,34.439998626708984,35.779998779296875,35.779998779296875,3111900
2022-09-07,35.84000015258789,36.18000030517578,35.58000183105469,35.959999084472656,35.959999084472656,1800900
2022-09-08,35.7400016784668,36.27000045776367,35.66999816894531,36.22999954223633,36.22999954223633,1112100
